0,0,0.9901,0.9948,0,1.3408e+154,3.7912,0,1.3408e+154,0.94595,0.97742,0,4.2797,1.3408e+154,1.3408e+154,1.3408e+154,8.1076,9.4593,7.5466,8.6735,0.94566,0.96652,0.7054,0.7059,0,0.69531,0,0,0.9935,0.99342,4.3104,1.3408e+154,1.3408e+154,0.99504,0.97129,0.95512,0.89236,0.94715,0.7046,0.94628,0.94566,0.94471,0.99464,0.99311,0.68728,0.68728,10.991,8.5963,1.9473,0,1.8306,0.70576,0.70578,0.99379,0.99386,0,0.57678,0.57678,0.68728,3.6708,0.90235,0.93633,0.9854,0.96517,0.99121,2.8722,0.70165,0.92076,2.8094,0.70562,1.7599,0.98399,3.3473,0,0,3.743,0.92076,9.241,0.96507,0.89109,0.7025,0.70461,0.88515,0.99705,1.3408e+154,1.3408e+154,0,10.327,1.9767,1.3408e+154,0.70484,0.88682,0,0.69531,0.97505,0,0.7056,0.70517,0.70517,0.88986,0.70528,0.70528,0.70333,0.70431,0.70333,0,0,0,0.98065,0.68728,1.4884,0,0.85529,0.7025,0.69531,0.7039,0.945,0.97692,0.99887,0.96569,0.87767,2.3795,0.81461,0,0.70534,0.70545,0.70538,0.70502,0.99341,0.98146,3.5154,0.9951,0.98931,0.98121,0.98978,0.986,2.5226,0,0.99638,0.9951,0.99351,0.99476
0,0,0.99213,0.99686,0,1.3408e+154,3.9105,0,1.3408e+154,0.89362,0.97938,0,4.4536,1.3408e+154,1.3408e+154,1.3408e+154,9.5208,11.957,8.6458,10.476,0,0,0.70631,0,0,0,0,0,0,0,4.4883,1.3408e+154,1.3408e+154,0.99637,0.97509,0.95694,0,0.94471,0.70608,0,0.94744,0,0,0,0,0,12.353,10.341,1.9629,0,1.8435,0,0,0.99585,0,0,0,0,0.68796,3.7788,0.90389,0.9472,0.9879,0.96738,0.99309,2.919,0,0,2.9058,0.70636,1.7714,0.97768,3.4286,0,0,3.8577,0.92239,11.525,0.96598,0,0,0,0,0.99913,1.3408e+154,1.3408e+154,0,13.872,1.9931,1.3408e+154,0.70558,0.94136,0,0,0.97699,0,0,0,0,0.89134,0,0.70602,0,0,0.70406,0,0,0,0.9928,0.68796,1.5956,0,0.85649,0,0.69602,0,0,0,0,0,0.88661,2.4025,0.81602,0,0,0,0,0,0,0.98344,3.6099,0,0,0,0,0.98801,2.5568,0,0.99772,0.99717,0,0
0.9901,0.99213,0,4.3528,1.3408e+154,1.3408e+154,7.6532,1.3408e+154,1.3408e+154,0.9896,1.3408e+154,0.98755,3.6165,1.3408e+154,1.3408e+154,1.3408e+154,6.7405,6.2419,6.2584,5.3336,6.8538,5.9138,4.7283,6.8974,0.97966,3.094,0.97966,0.97966,4.9441,4.9348,4.9029,1.3408e+154,1.3408e+154,6.9397,4.1071,3.094,7.3379,7.7216,7.2851,7.4155,4.8141,4.6922,8.4173,8.9984,1.3408e+154,1.3408e+154,10.991,6.5596,5.8369,23.34,3.6227,1.3408e+154,4.7914,4.9811,6.3581,1.3408e+154,1.3408e+154,1.3408e+154,1.3408e+154,1.3408e+154,1.3408e+154,2.7259,4.0704,3.5354,4.5388,7.1256,1.3408e+154,1.3408e+154,5.8246,1.3408e+154,1.3408e+154,4.9338,1.3408e+154,1.3408e+154,0.97774,1.3408e+154,1.3408e+154,6.1779,1.3408e+154,5.1265,4.0042,4.4622,4.0042,0.98639,1.3408e+154,1.3408e+154,0.98639,5.6579,1.8962e+154,1.3408e+154,4.9068,4.1672,0.97966,3.094,4.5702,0.97966,6.7288,5.3522,4.6096,4.522,5.0615,5.0615,4.1672,4.7357,4.1672,1.3408e+154,1.3408e+154,1.3408e+154,5.4745,1.3408e+154,1.3408e+154,1.3408e+154,2.7499,4.0042,0.97966,4.2912,2.6031,3.6373,11.053,3.1607,0.9901,5.0194,1.8507,0.97966,5.811,4.6922,5.0967,4.5702,4.9332,4.6422,4.7426,5.1534,1.3408e+154,4.2912,1.3408e+154,4.7551,2.556,0.97966,8.7065,5.1539,4.9454,5.6819
0.9948,0.99686,4.3528,0,0.98421,1.3408e+154,8.8111,3.7178,1.3408e+154,2.8275,0,0.99101,5.1592,1.3408e+154,1.3408e+154,1.3408e+154,6.6725,6.3613,3.5089,5.3882,2.7597,2.7781,0.98421,0.99429,0.98421,0,0.98421,0.98421,5.3361,5.3747,5.184,1.3408e+154,1.3408e+154,0.99407,0.9952,0.98421,1.9723,2.9215,0.99635,2.9117,2.369,2.6402,9.262,10.054,2.6402,2.6402,10.991,6.5547,6.8906,7.925,5.3568,8.284,0,3.7121,7.3212,0,0,0,0,1.7091,2.6402,0.99045,0,0,0,2.8658,0.99429,2.7781,2.7698,0,3.247,0,4.0782,6.3511,0.98421,5.0718,0,6.1573,4.1916,1.907,0.98421,0.98421,1.8819,5.8835,1.3408e+154,1.3408e+154,5.8835,5.618,5.8835,1.3408e+154,0,0.98421,0,0.98421,0.98355,0,0.9952,0,0,0.98421,0,0,0,0,0,0,0,0,0,0,5.112,0.98421,0,0,3.247,0,5.3361,5.4043,13.213,5.2519,5.6891,4.4868,0.98421,0.94674,0,0,0.98421,0,5.112,4.0782,4.8593,5.3361,4.7301,4.3537,3.5485,1.907,1.8819,3.7178,10.344,5.487,5.4535,6.1817
0,0,1.3408e+154,0.98421,0,1.3408e+154,3.7288,1.87,1.3408e+154,0.94324,13.603,0,3.358,1.3408e+154,1.3408e+154,1.3408e+154,6.7976,6.2419,7.0877,1.9711,0,0,0.69584,0,0,0,0,0,0,0,0,1.3408e+154,1.3408e+154,0.99504,0.97354,0.69167,0,0.94758,0.70628,0,0.93655,0,0,0,14.649,14.649,10.991,6.5596,1.9124,1.3408e+154,1.7342,9.3584,0,0.98324,0,7.2965,4.0576,4.0201,7.7609,5.5832,2.1739,0.94444,0.95985,0.96595,0.96476,2.8567,4.0658,18.149,2.7491,4.3678,3.8283,0.98399,11.241,12.901,0,15.949,1.3408e+154,6.1779,1.3408e+154,0,0,0,0,0,1.3408e+154,1.3408e+154,0,0,34.8,1.3408e+154,0.70232,0.85226,0,0,0.94984,0,0,0,0,0.87057,0,0.70275,0,0,0.69956,3.3625,8.0138,3.3225,0.98915,13.317,6.4805,0.99541,0.85496,0,0.57143,0,0,0,0,0,0.88515,2.3795,0.80582,0,0,0,0,0,0,0.88312,0,0,21.733,0,12.264,0.95995,2.2867,0,0.99638,0.9845,0,0
1.3408e+154,1.3408e+154,1.3408e+154,1.3408e+154,1.3408e+154,0,1.3408e+154,1.3408e+154,15.087,1.3408e+154,1.3408e+154,1.3408e+154,1.3408e+154,7.3538,8.7037,8.7999,1.3408e+154,1.3408e+154,1.3408e+154,1.3408e+154,1.3408e+154,1.3408e+154,1.3408e+154,1.3408e+154,1.3408e+154,1.3408e+154,1.3408e+154,1.3408e+154,1.3408e+154,1.3408e+154,1.3408e+154,1.3408e+154,19.536,1.3408e+154,1.3408e+154,1.3408e+154,1.3408e+154,1.3408e+154,1.3408e+154,1.3408e+154,1.3408e+154,1.3408e+154,1.3408e+154,1.3408e+154,1.3408e+154,1.3408e+154,1.3408e+154,1.3408e+154,1.3408e+154,1.3408e+154,1.3408e+154,1.3408e+154,1.3408e+154,1.3408e+154,1.3408e+154,1.3408e+154,1.3408e+154,1.3408e+154,1.3408e+154,1.3408e+154,1.3408e+154,1.3408e+154,1.3408e+154,1.3408e+154,1.3408e+154,1.3408e+154,1.3408e+154,1.3408e+154,1.3408e+154,1.3408e+154,1.3408e+154,1.3408e+154,1.3408e+154,1.3408e+154,1.3408e+154,1.3408e+154,1.3408e+154,1.3408e+154,1.3408e+154,1.3408e+154,1.3408e+154,1.3408e+154,1.3408e+154,42.356,15.713,9.017,44.531,31.889,31.132,12.655,1.3408e+154,1.3408e+154,1.3408e+154,1.3408e+154,1.3408e+154,1.3408e+154,1.3408e+154,1.3408e+154,1.3408e+154,1.3408e+154,1.3408e+154,1.3408e+154,1.3408e+154,1.3408e+154,1.3408e+154,1.3408e+154,1.3408e+154,1.3408e+154,1.3408e+154,1.3408e+154,1.3408e+154,1.3408e+154,1.3408e+154,1.3408e+154,1.3408e+154,1.3408e+154,1.3408e+154,1.3408e+154,20.373,1.3408e+154,1.3408e+154,1.3408e+154,1.3408e+154,1.3408e+154,1.3408e+154,1.3408e+154,1.3408e+154,1.3408e+154,1.3408e+154,1.3408e+154,1.3408e+154,1.3408e+154,1.3408e+154,1.3408e+154,1.3408e+154,1.3408e+154,1.3408e+154,1.3408e+154,1.3408e+154,1.3408e+154,1.3408e+154,1.3408e+154
3.7912,3.9105,7.6532,8.8111,3.7288,1.3408e+154,0,3.5515,1.3408e+154,10.032,7.5383,9.5783,8.8072,1.3408e+154,1.3408e+154,1.3408e+154,8.5541,7.4163,9.9974,8.8622,3.7564,3.7288,3.7288,3.8136,3.7288,3.7288,3.7288,3.7288,3.7288,3.7288,3.7288,1.3408e+154,1.3408e+154,9.9315,7.7937,5.1849,3.8879,3.8971,3.88,3.8053,3.7288,3.7288,3.6418,3.8083,3.7288,3.7288,7.0018,7.197,3.6513,3.5504,3.7254,3.5486,3.7288,3.6907,3.7288,3.7288,3.7288,3.7288,3.7288,8.6322,3.7288,9.4675,9.1591,9.8072,9.4027,9.1264,3.7635,3.7288,9.0813,9.1591,8.4926,12.501,5.1707,14.09,5.7901,3.7209,3.7288,8.8016,3.7288,3.7288,3.7288,3.7106,3.7288,10.52,1.3408e+154,1.3408e+154,10.52,10.52,10.52,1.3408e+154,3.7158,3.7158,3.7288,3.7288,4.4983,3.7288,3.832,3.7288,3.7288,3.7288,3.7288,3.7288,3.7288,3.7288,3.7288,3.7288,3.7288,3.7288,9.3305,3.7288,3.7912,3.7288,3.7635,3.7288,3.7288,3.7288,3.7288,3.7288,3.9878,3.7288,3.7912,3.8136,3.7288,3.7288,3.7288,3.7288,3.7288,3.7288,3.7288,3.7288,3.7288,3.7213,3.7288,3.7288,3.7266,3.7288,6.7781,3.7288,3.78,3.7188,3.7136,3.7146
0,0,1.3408e+154,3.7178,1.87,1.3408e+154,3.5515,0,1.3408e+154,0.97457,18.359,0,1.8037,1.3408e+154,1.3408e+154,1.3408e+154,6.7976,6.1718,7.0877,4.5943,0,0,0.96102,0,0,0,0,0,0,0,3.3728,1.3408e+154,1.3408e+154,4.4721,3.2427,2.4234,0,0.97936,0.97839,0,0.9672,0,0,0,10.811,10.811,10.991,6.5596,1.9124,1.3408e+154,1.6784,8.3846,0,0.98324,0,12.414,18.48,13.912,23.027,11.385,6.6729,2.4914,3.1173,2.9915,3.2989,4.4095,20.405,21.487,3.4563,6.3172,6.2836,3.7059,13.569,18.687,0,15.521,1.3408e+154,6.1591,1.3408e+154,0,0,0,0,0.98058,1.3408e+154,1.3408e+154,0,4.7968,33.674,1.3408e+154,0.96793,2.1993,0,0,2.8181,0,0,0,0,1.7227,0,0.96907,0,0,0.96074,0,5.7061,1.9937,4.014,10.432,17.385,5.3311,1.5655,0,0.69338,0,0,0,0,0,0.88515,2.3795,1.3131,0,0,0,0,0,0,0.96573,2.9488,0,9.0778,0,14.745,0.97006,2.2867,0,0.99636,0.9845,0,0
1.3408e+154,1.3408e+154,1.3408e+154,1.3408e+154,1.3408e+154,15.087,1.3408e+154,1.3408e+154,0,1.3408e+154,1.3408e+154,1.3408e+154,1.3408e+154,11.443,8.1355,7.1757,1.3408e+154,1.3408e+154,1.3408e+154,1.3408e+154,1.3408e+154,1.3408e+154,1.3408e+154,1.3408e+154,1.3408e+154,1.3408e+154,1.3408e+154,1.3408e+154,1.3408e+154,1.3408e+154,1.3408e+154,1.3408e+154,12.098,1.3408e+154,1.3408e+154,1.3408e+154,1.3408e+154,1.3408e+154,1.3408e+154,1.3408e+154,1.3408e+154,1.3408e+154,1.3408e+154,1.3408e+154,1.3408e+154,1.3408e+154,1.3408e+154,1.3408e+154,1.3408e+154,1.3408e+154,1.3408e+154,1.3408e+154,1.3408e+154,1.3408e+154,1.3408e+154,1.3408e+154,1.3408e+154,1.3408e+154,1.3408e+154,1.3408e+154,1.3408e+154,1.3408e+154,1.3408e+154,1.3408e+154,1.3408e+154,1.3408e+154,1.3408e+154,1.3408e+154,1.3408e+154,1.3408e+154,1.3408e+154,1.3408e+154,1.3408e+154,1.3408e+154,1.3408e+154,1.3408e+154,1.3408e+154,1.3408e+154,1.3408e+154,1.3408e+154,1.3408e+154,1.3408e+154,1.3408e+154,16.794,0.99779,7.1858,16.794,14.799,16.794,10.668,1.3408e+154,1.3408e+154,1.3408e+154,1.3408e+154,1.3408e+154,1.3408e+154,1.3408e+154,1.3408e+154,1.3408e+154,1.3408e+154,1.3408e+154,1.3408e+154,1.3408e+154,1.3408e+154,1.3408e+154,1.3408e+154,1.3408e+154,1.3408e+154,1.3408e+154,1.3408e+154,1.3408e+154,1.3408e+154,1.3408e+154,1.3408e+154,1.3408e+154,1.3408e+154,1.3408e+154,1.3408e+154,30.282,1.3408e+154,1.3408e+154,1.3408e+154,1.3408e+154,1.3408e+154,1.3408e+154,1.3408e+154,1.3408e+154,1.3408e+154,1.3408e+154,1.3408e+154,1.3408e+154,1.3408e+154,1.3408e+154,1.3408e+154,1.3408e+154,1.3408e+154,1.3408e+154,1.3408e+154,1.3408e+154,1.3408e+154,1.3408e+154,1.3408e+154
0.94595,0.89362,0.9896,2.8275,0.94324,1.3408e+154,10.032,0.97457,1.3408e+154,0,2.1533,0.94273,4.0891,1.3408e+154,1.3408e+154,1.3408e+154,5.168,6.2878,6.2782,6.4606,2.9021,3.5938,2.8089,2.9054,0.94324,2.3157,0.94324,0.94324,7.0575,7.0304,6.9393,1.3408e+154,1.3408e+154,2.9212,2.5259,2.3147,2.9359,2.9589,2.9325,2.9408,2.8266,2.8013,10.713,11.996,0.94324,0.94324,7.6387,3.6424,3.7575,0.99412,4.25,0.99478,2.822,7.1663,1.9726,0.94324,0.94324,0.94324,2.0625,3.5979,2.0625,2.0801,2.6294,2.3252,2.7274,2.8655,2.7298,2.3305,2.8016,0.94324,1.7531,2.6558,3.8231,0.98539,0.88986,7.95,2.0625,8.0144,3.5215,2.8013,2.6317,2.7499,2.6317,0.99388,1.3408e+154,1.3408e+154,0.99388,7.9541,1.9524,1.3408e+154,2.7638,2.6765,0.94324,2.3157,1.9289,0.94324,2.8924,2.7834,2.7834,2.7638,2.7905,2.7905,2.6765,2.7321,2.6765,0.94324,0.94324,0.94324,2.7545,2.0625,2.6232,0.94324,2.0866,2.6317,0.96432,2.7085,2.8089,4.2736,18.952,3.5518,0.98684,3.361,1.6352,0.94324,2.8054,2.8013,2.7964,2.7747,7.0258,4.7096,6.2792,7.7103,5.9061,4.6821,6.0076,5.3046,2.567,0.96432,11.329,3.8643,7.0614,7.5568
0.97742,0.97938,1.3408e+154,0,13.603,1.3408e+154,7.5383,18.359,1.3408e+154,2.1533,0,0.97531,4.1609,1.3408e+154,1.3408e+154,1.3408e+154,6.7971,5.4169,6.9587,7.0762,2.8984,3.6422,0.99328,0.99619,0.97552,0,0.97552,0.97552,7.4472,7.4154,7.3086,1.3408e+154,1.3408e+154,0.99683,0.9778,0.97552,1.9795,2.955,0.99727,2.937,2.85,2.8241,10.516,11.669,8.492,8.492,6.7982,6.1882,1.9664,1.3408e+154,4.3308,11.536,0,7.5753,5.34,6.5603,7.2814,6.648,8.3743,14.546,12.51,0.97527,0,0,0,2.8481,6.4423,6.2321,2.8283,16.688,11.398,0,7.2724,8.0321,0.97552,20.215,1.3408e+154,8.5993,1.3408e+154,1.9452,0.98474,0.99059,1.8857,4.4721,1.3408e+154,1.3408e+154,4.4721,8.6193,19.801,1.3408e+154,0,0.98704,0,0.97552,0.99174,0,0.99567,0,0,0.99124,0,0,0,0,0,5.6469,5.651,7.0955,0,9.1149,10.359,5.846,0,0,2.9707,0,4.3199,4.3558,18.007,4.2748,3.8593,3.8829,0.97552,2.4851,0,0,0.99272,0,7.4099,4.8203,6.5489,8.2268,9.6962,4.7908,9.9741,5.4642,3.567,3.3183,11.117,7.0026,7.4517,8.0411
0,0,0.98755,0.99101,0,1.3408e+154,9.5783,0,1.3408e+154,0.94273,0.97531,0,3.9202,1.3408e+154,1.3408e+154,1.3408e+154,3.7075,6.2878,6.8168,6.2967,2.8904,3.5716,0.99021,0.99587,0,0.96243,0,0,6.4125,6.3922,6.2505,1.3408e+154,1.3408e+154,0.9965,0.97749,0.96243,1.9769,2.9465,0.99694,2.9286,2.7799,2.7558,10.166,11.242,0.94146,0.94146,9.8837,5.1823,6.3355,0,4.096,0.99431,0.99078,6.4938,6.5125,0,0.7041,0.7041,0.94146,3.503,2.0441,0.94455,0.98163,0.965,0.98623,2.8567,0.98819,2.3244,2.6911,0.7041,1.7418,0.98344,3.7098,0,0,7.0597,0.94146,6.2482,3.5006,1.9225,0.98176,0.98755,1.865,0.99228,1.3408e+154,1.3408e+154,0,7.2385,1.9403,1.3408e+154,0.98819,0.98403,0,0.96243,0.98868,0,0.99534,0.98908,0.98908,0.98819,0.9894,0.9894,0.98403,0.98672,0.98403,0,0,0,0.98943,0.94146,2.6146,0,0.94511,0.98176,0.96243,0.98559,2.763,4.1171,16.337,3.4604,0.98638,3.8636,0.88837,0,0.99165,0.98987,0.98966,0.98868,6.3887,4.5026,5.812,6.8903,5.5123,4.4785,5.5945,5.0138,2.5319,0,8.3595,6.8915,6.4154,6.7801
4.2797,4.4536,3.6165,5.1592,3.358,1.3408e+154,8.8072,1.8037,1.3408e+154,4.0891,4.1609,3.9202,0,1.3408e+154,1.3408e+154,1.3408e+154,6.6418,5.7232,7.6776,4.5628,7.9589,6.5806,4.4086,8.0274,3.358,2.9991,3.358,3.358,4.5198,4.5127,4.4883,1.3408e+154,1.3408e+154,8.3812,4.312,2.9991,8.7468,9.4193,8.6578,8.8791,5.1539,4.3794,6.9918,11.064,3.6165,3.6165,10.655,4.7088,6.3031,4.2709,1.8354,3.628,4.4596,5.2614,6.9749,3.6165,3.6165,3.358,3.358,4.4203,3.358,4.1906,3.8045,4.2188,4.1281,6.4635,5.6569,4.1281,5.6079,3.358,3.3328,4.8742,3.6165,4.4815,3.358,4.7151,3.358,5.0832,4.5266,5.5428,3.8045,4.7286,3.8045,3.5355,1.3408e+154,1.3408e+154,3.5355,4.7968,3.5355,1.3408e+154,5.268,3.9434,3.358,3.358,4.2797,3.358,7.765,5.8314,4.9052,4.24,5.4609,5.4609,3.9434,5.0579,4.3818,3.358,3.358,3.358,5.9048,3.358,4.2797,3.358,4.24,3.8045,3.358,4.048,3.44,3.458,15.804,3.4171,4.2797,5.4081,3.358,3.6165,6.4399,4.3794,5.5052,4.2797,4.5114,4.3386,4.4203,4.478,4.3794,4.048,4.4203,4.4303,3.358,3.358,10.11,5.4332,4.4847,6.0478
1.3408e+154,1.3408e+154,1.3408e+154,1.3408e+154,1.3408e+154,7.3538,1.3408e+154,1.3408e+154,11.443,1.3408e+154,1.3408e+154,1.3408e+154,1.3408e+154,0,3.0305,4.0227,1.3408e+154,1.3408e+154,1.3408e+154,1.3408e+154,1.3408e+154,1.3408e+154,1.3408e+154,1.3408e+154,1.3408e+154,1.3408e+154,1.3408e+154,1.3408e+154,1.3408e+154,1.3408e+154,1.3408e+154,1.3408e+154,0.99727,1.3408e+154,1.3408e+154,1.3408e+154,1.3408e+154,1.3408e+154,1.3408e+154,1.3408e+154,1.3408e+154,1.3408e+154,1.3408e+154,1.3408e+154,1.3408e+154,1.3408e+154,1.3408e+154,1.3408e+154,1.3408e+154,1.3408e+154,1.3408e+154,1.3408e+154,1.3408e+154,1.3408e+154,1.3408e+154,1.3408e+154,1.3408e+154,1.3408e+154,1.3408e+154,1.3408e+154,1.3408e+154,1.3408e+154,1.3408e+154,1.3408e+154,1.3408e+154,1.3408e+154,1.3408e+154,1.3408e+154,1.3408e+154,1.3408e+154,1.3408e+154,1.3408e+154,1.3408e+154,1.3408e+154,1.3408e+154,1.3408e+154,1.3408e+154,1.3408e+154,1.3408e+154,1.3408e+154,1.3408e+154,1.3408e+154,1.3408e+154,14.952,6.7231,7.1085,9.7281,10.403,28.178,9.6354,1.3408e+154,1.3408e+154,1.3408e+154,1.3408e+154,1.3408e+154,1.3408e+154,1.3408e+154,1.3408e+154,1.3408e+154,1.3408e+154,1.3408e+154,1.3408e+154,1.3408e+154,1.3408e+154,1.3408e+154,1.3408e+154,1.3408e+154,1.3408e+154,1.3408e+154,1.3408e+154,1.3408e+154,1.3408e+154,1.3408e+154,1.3408e+154,1.3408e+154,1.3408e+154,1.3408e+154,1.3408e+154,9.9414,1.3408e+154,1.3408e+154,1.3408e+154,1.3408e+154,1.3408e+154,1.3408e+154,1.3408e+154,1.3408e+154,1.3408e+154,1.3408e+154,1.3408e+154,1.3408e+154,1.3408e+154,1.3408e+154,1.3408e+154,1.3408e+154,1.3408e+154,1.3408e+154,1.3408e+154,1.3408e+154,1.3408e+154,1.3408e+154,1.3408e+154
1.3408e+154,1.3408e+154,1.3408e+154,1.3408e+154,1.3408e+154,8.7037,1.3408e+154,1.3408e+154,8.1355,1.3408e+154,1.3408e+154,1.3408e+154,1.3408e+154,3.0305,0,1.9653,1.3408e+154,1.3408e+154,1.3408e+154,1.3408e+154,1.3408e+154,1.3408e+154,1.3408e+154,1.3408e+154,1.3408e+154,1.3408e+154,1.3408e+154,1.3408e+154,1.3408e+154,1.3408e+154,1.3408e+154,1.3408e+154,5.2041,1.3408e+154,1.3408e+154,1.3408e+154,1.3408e+154,1.3408e+154,1.3408e+154,1.3408e+154,1.3408e+154,1.3408e+154,1.3408e+154,1.3408e+154,1.3408e+154,1.3408e+154,1.3408e+154,1.3408e+154,1.3408e+154,1.3408e+154,1.3408e+154,1.3408e+154,1.3408e+154,1.3408e+154,1.3408e+154,1.3408e+154,1.3408e+154,1.3408e+154,1.3408e+154,1.3408e+154,1.3408e+154,1.3408e+154,1.3408e+154,1.3408e+154,1.3408e+154,1.3408e+154,1.3408e+154,1.3408e+154,1.3408e+154,1.3408e+154,1.3408e+154,1.3408e+154,1.3408e+154,1.3408e+154,1.3408e+154,1.3408e+154,1.3408e+154,1.3408e+154,1.3408e+154,1.3408e+154,1.3408e+154,1.3408e+154,1.3408e+154,13.048,11.957,3.4818,17.483,1.9677,7.8095,8.3518,1.3408e+154,1.3408e+154,1.3408e+154,1.3408e+154,1.3408e+154,1.3408e+154,1.3408e+154,1.3408e+154,1.3408e+154,1.3408e+154,1.3408e+154,1.3408e+154,1.3408e+154,1.3408e+154,1.3408e+154,1.3408e+154,1.3408e+154,1.3408e+154,1.3408e+154,1.3408e+154,1.3408e+154,1.3408e+154,1.3408e+154,1.3408e+154,1.3408e+154,1.3408e+154,1.3408e+154,1.3408e+154,13.826,1.3408e+154,1.3408e+154,1.3408e+154,1.3408e+154,1.3408e+154,1.3408e+154,1.3408e+154,1.3408e+154,1.3408e+154,1.3408e+154,1.3408e+154,1.3408e+154,1.3408e+154,1.3408e+154,1.3408e+154,1.3408e+154,1.3408e+154,1.3408e+154,1.3408e+154,1.3408e+154,1.3408e+154,1.3408e+154,1.3408e+154
1.3408e+154,1.3408e+154,1.3408e+154,1.3408e+154,1.3408e+154,8.7999,1.3408e+154,1.3408e+154,7.1757,1.3408e+154,1.3408e+154,1.3408e+154,1.3408e+154,4.0227,1.9653,0,1.3408e+154,1.3408e+154,1.3408e+154,1.3408e+154,1.3408e+154,1.3408e+154,1.3408e+154,1.3408e+154,1.3408e+154,1.3408e+154,1.3408e+154,1.3408e+154,1.3408e+154,1.3408e+154,1.3408e+154,1.3408e+154,8.4554,1.3408e+154,1.3408e+154,1.3408e+154,1.3408e+154,1.3408e+154,1.3408e+154,1.3408e+154,1.3408e+154,1.3408e+154,1.3408e+154,1.3408e+154,1.3408e+154,1.3408e+154,1.3408e+154,1.3408e+154,1.3408e+154,1.3408e+154,1.3408e+154,1.3408e+154,1.3408e+154,1.3408e+154,1.3408e+154,1.3408e+154,1.3408e+154,1.3408e+154,1.3408e+154,1.3408e+154,1.3408e+154,1.3408e+154,1.3408e+154,1.3408e+154,1.3408e+154,1.3408e+154,1.3408e+154,1.3408e+154,1.3408e+154,1.3408e+154,1.3408e+154,1.3408e+154,1.3408e+154,1.3408e+154,1.3408e+154,1.3408e+154,1.3408e+154,1.3408e+154,1.3408e+154,1.3408e+154,1.3408e+154,1.3408e+154,1.3408e+154,7.9298,0.99893,5.7713,1.9989,12.093,26.833,12.297,1.3408e+154,1.3408e+154,1.3408e+154,1.3408e+154,1.3408e+154,1.3408e+154,1.3408e+154,1.3408e+154,1.3408e+154,1.3408e+154,1.3408e+154,1.3408e+154,1.3408e+154,1.3408e+154,1.3408e+154,1.3408e+154,1.3408e+154,1.3408e+154,1.3408e+154,1.3408e+154,1.3408e+154,1.3408e+154,1.3408e+154,1.3408e+154,1.3408e+154,1.3408e+154,1.3408e+154,1.3408e+154,26.736,1.3408e+154,1.3408e+154,1.3408e+154,1.3408e+154,1.3408e+154,1.3408e+154,1.3408e+154,1.3408e+154,1.3408e+154,1.3408e+154,1.3408e+154,1.3408e+154,1.3408e+154,1.3408e+154,1.3408e+154,1.3408e+154,1.3408e+154,1.3408e+154,1.3408e+154,1.3408e+154,1.3408e+154,1.3408e+154,1.3408e+154
8.1076,9.5208,6.7405,6.6725,6.7976,1.3408e+154,8.5541,6.7976,1.3408e+154,5.168,6.7971,3.7075,6.6418,1.3408e+154,1.3408e+154,1.3408e+154,0,6.2418,7.8481,3.4053,8.253,6.8295,6.7976,8.4922,6.7976,6.7976,6.7976,6.7976,7.3532,6.2349,4.7945,1.3408e+154,1.3408e+154,8.9144,8.1066,6.7976,9.3582,10.196,9.2495,6.3346,6.9736,6.2349,9.9051,11.225,6.7976,6.7976,9.4146,3.6558,7.764,8.2396,7.4075,8.6454,6.9049,7.0455,3.8364,6.7976,6.7976,6.7976,6.7976,6.7321,6.7976,6.8118,5.7231,5.5837,5.2591,6.7059,7.847,7.1989,6.6725,6.7976,6.7976,8.9867,6.554,8.7032,6.7976,7.707,6.7976,7.0864,6.7976,6.7976,6.7976,5.8347,6.7976,8.2723,1.3408e+154,1.3408e+154,8.2723,8.2723,8.2723,1.3408e+154,6.3919,6.3919,6.7976,6.7976,6.7976,6.7976,8.531,6.7976,6.7976,6.7976,6.7976,6.7976,6.7976,6.7976,6.7976,6.7976,6.7976,6.7976,6.3083,6.7976,8.1076,6.7976,7.847,6.7976,6.7976,6.7976,7.3532,7.5346,17.204,7.1373,7.847,8.3339,6.7976,6.7976,6.7976,6.7976,6.7976,6.7976,1.9428,6.7976,5.6479,7.5775,6.7976,6.7976,6.7976,6.7976,6.7976,6.7976,9.3312,6.7234,7.3248,6.891
9.4593,11.957,6.2419,6.3613,6.2419,1.3408e+154,7.4163,6.1718,1.3408e+154,6.2878,5.4169,6.2878,5.7232,1.3408e+154,1.3408e+154,1.3408e+154,6.2418,0,7.2577,4.4807,9.8539,7.5369,6.2419,9.9847,6.2419,6.2419,6.2419,6.2419,6.2419,5.491,5.7464,1.3408e+154,1.3408e+154,10.692,9.8244,6.2419,11.484,13.15,11.285,10.817,6.3513,6.2419,11.272,12.691,6.2419,6.2419,6.6621,5.6787,3.8865,8.5993,5.491,8.853,6.2993,6.4159,7.6315,6.2419,6.2419,6.2419,6.2419,5.4554,6.2419,8.5993,6.2419,8.0765,6.221,8.5742,9.0524,8.0955,6.6385,6.2419,6.2419,10.968,6.2419,12.363,6.2419,5.5018,6.2419,5.313,7.5369,6.2419,6.2419,6.2419,6.2419,6.6705,1.3408e+154,1.3408e+154,6.6705,6.6705,6.6705,1.3408e+154,6.2419,6.2419,6.2419,6.2419,6.2419,6.2419,10.152,6.9199,6.2419,6.2419,6.2419,6.2419,6.2419,6.2419,6.2419,6.2419,6.2419,6.2419,8.0955,6.2419,9.4593,6.2419,9.0524,6.2419,6.2419,6.2419,6.2419,6.3173,18.38,6.2419,9.4593,9.0533,6.2419,6.2419,7.5369,6.2419,6.2419,6.2419,6.1445,6.2419,6.2419,5.565,6.2419,6.2419,6.2419,6.2419,6.2419,6.2419,10.631,5.6866,5.7635,5.4926
7.5466,8.6458,6.2584,3.5089,7.0877,1.3408e+154,9.9974,7.0877,1.3408e+154,6.2782,6.9587,6.8168,7.6776,1.3408e+154,1.3408e+154,1.3408e+154,7.8481,7.2577,0,7.9146,7.5466,7.0877,7.0877,7.7281,7.0877,7.0877,7.0877,7.0877,8.8819,9.0633,8.4584,1.3408e+154,1.3408e+154,7.9037,7.7281,7.0842,8.4091,8.7561,8.3299,8.4528,7.0877,7.0877,10.752,8.6305,7.0877,7.0877,5.3027,7.0144,9.4568,8.24,8.978,8.6458,7.0877,8.0774,9.0703,7.0877,7.0877,7.0877,7.0877,6.7723,7.0877,7.0877,7.0764,6.9117,7.0572,7.0877,7.3351,7.0877,6.9962,7.0877,7.0877,8.4069,7.0877,8.3583,7.0877,8.3012,7.0877,8.8617,7.0877,7.0877,7.0877,7.0877,7.0877,10.285,1.3408e+154,1.3408e+154,10.285,9.3861,10.285,1.3408e+154,7.0842,7.0877,7.0877,7.0877,6.9365,7.0877,7.8845,7.0877,7.0877,7.0877,7.0877,7.0877,7.0877,7.0877,7.0877,7.0877,7.0877,7.0877,7.0842,7.0877,7.5466,7.0877,7.3351,7.0877,7.0877,7.0877,8.8819,9.2071,19.173,8.5087,7.5466,7.7281,7.0877,7.0877,7.0877,7.0877,7.0877,7.0877,7.9497,7.0877,7.0877,8.8819,7.0877,7.0877,1.9615,7.0877,7.0877,7.0877,12.211,9.6353,9.4568,9.4936
8.6735,10.476,5.3336,5.3882,1.9711,1.3408e+154,8.8622,4.5943,1.3408e+154,6.4606,7.0762,6.2967,4.5628,1.3408e+154,1.3408e+154,1.3408e+154,3.4053,4.4807,7.9146,0,8.8715,7.1209,3.783,9.0731,1.9711,1.9711,1.9711,1.9711,1.9776,1.9795,1.9749,1.3408e+154,1.3408e+154,9.5937,8.9523,1.9707,10.154,11.251,10.015,7.5427,5.4014,1.9711,5.554,8.4106,5.3336,5.3336,1.9503,4.4739,7.1757,8.3677,4.3465,8.7937,1.9729,5.4409,7.7502,5.3336,5.3336,1.9711,4.5943,4.5151,1.9711,7.8436,3.7509,3.5973,3.7243,7.3174,8.3566,7.5863,6.5357,1.9711,1.9711,10.183,3.7557,9.6637,1.9711,1.9857,1.9711,6.2963,7.1209,5.9994,2.9051,5.1172,3.783,1.9918,1.3408e+154,1.3408e+154,1.9918,1.9918,1.9918,1.3408e+154,5.8921,1.9668,1.9707,1.9711,3.783,1.9711,9.1979,6.5937,5.3336,3.783,5.9994,5.9994,3.783,5.9994,5.3336,1.9711,1.9711,1.9711,7.403,3.783,8.6735,4.5943,8.3566,1.9711,1.9711,1.9711,1.9776,1.981,17.867,1.9732,8.6735,8.9523,4.5943,5.3336,7.1209,1.9711,5.9994,4.5943,1.9734,1.9711,1.9707,1.9535,3.783,3.641,2.9051,3.783,4.5943,4.5943,10.663,5.3753,3.7384,6.0232
0.94566,0,6.8538,2.7597,0,1.3408e+154,3.7564,0,1.3408e+154,2.9021,2.8984,2.8904,7.9589,1.3408e+154,1.3408e+154,1.3408e+154,8.253,9.8539,7.5466,8.8715,0,0,0.94486,0,1.648,0,0,0,0,0,4.447,1.3408e+154,1.3408e+154,2.5956,2.7493,2.6172,0,0.93948,0.94534,0,0.9423,0,0,0,0,0,10.576,7.1729,1.9681,0.99494,1.9626,0,0,0.99252,0,0,0,0,0.94566,3.4665,0.94566,2.8873,2.8782,2.893,2.8844,2.7807,0,0,2.7676,2.8782,3.6748,2.9193,3.9625,6.9513,2.6858,3.7716,2.3523,9.5307,0.97725,0,0,0,0,11.863,1.3408e+154,1.3408e+154,11.863,11.863,11.863,1.3408e+154,0.93652,2.0882,2.0882,0,2.514,0,0,0,0,1.648,0,0.94159,0,0,0.94566,0,0,0,2.8833,0.94563,1.8736,1.648,1.5343,0,0.96691,0,0,0,0,0,1.8948,2.5205,1.648,1.6267,0,0,0,0,0,0.98247,3.5322,0,0,0,0,0.98452,4.1908,0.97725,0.99703,0.99604,0,0
0.96652,0,5.9138,2.7781,0,1.3408e+154,3.7288,0,1.3408e+154,3.5938,3.6422,3.5716,6.5806,1.3408e+154,1.3408e+154,1.3408e+154,6.8295,7.5369,7.0877,7.1209,0,0,0.93768,0,1.749,0,0,0,0,0,4.1569,1.3408e+154,1.3408e+154,3.3424,3.5026,3.0906,0,0.96632,0.87195,0,0.88646,0,0,0,0,0,10.991,6.4178,1.9239,0.99336,1.9305,0,0,0.98259,0,0,0,0,0.96363,1.8779,0.96363,3.6621,3.5389,3.6809,3.4569,3.4647,0,0,3.4154,3.5486,3.5059,3.7904,3.7805,6.8085,3.2055,3.5897,2.6741,7.425,0.97386,0,0,0,0,8.3299,1.3408e+154,1.3408e+154,8.3299,8.3299,8.3299,1.3408e+154,0.94194,2.2863,2.3062,0,2.9246,0,0,0,0,1.749,0,0.87219,0,0,0.96363,0,0,0,3.5698,0.96217,1.8707,1.749,1.7091,0,0.96363,0,0,0,0,0,1.8953,2.5136,1.749,1.6285,0,0,0,0,0,0.97727,3.1549,0,0,0,0,0.97438,3.7805,0.97386,0.99638,0.99245,0,0
0.7054,0.70631,4.7283,0.98421,0.69584,1.3408e+154,3.7288,0.96102,1.3408e+154,2.8089,0.99328,0.99021,4.4086,1.3408e+154,1.3408e+154,1.3408e+154,6.7976,6.2419,7.0877,3.783,0.94486,0.93768,0,0.70445,0.87195,0.69584,0.69584,0.69584,0.96762,0.96785,3.0327,1.3408e+154,1.3408e+154,0.99366,0.99118,0.95649,0.88801,0.94589,0.69565,0.94698,0.93544,0.89944,0.99591,0.99606,0.93591,0.93591,10.991,6.5497,1.9018,0.99301,1.8403,0.99368,0.69463,0.98274,0.99186,0.70177,0.70177,0.69584,0.69967,3.0387,0.92199,0.99008,0.9676,0.99405,0.96476,2.8428,0.7054,0.96436,2.5701,0.96775,2.7502,0.99612,2.8769,6.7001,0.95973,2.7955,0.94152,6.1779,0.97353,0.86616,0.69545,0.70177,0.87195,3.9142,1.3408e+154,1.3408e+154,3.9142,3.9142,3.9142,1.3408e+154,0.70304,0.92199,0.92199,0.69584,0.95119,0.69584,0.70583,0.70388,0.70177,0.87195,0.70304,0.70304,0.69584,0.70304,0.70177,0.69584,0.69584,0.69584,0.99152,0.69584,1.8684,0.87195,0.89097,0.69584,0.94165,0.69584,0.96762,0.96788,0.99887,0.9666,1.8894,2.508,0.87951,1.5979,0.70425,0.69369,0.70304,0.69967,0.96432,0.95334,2.5766,0.96574,0.96301,0.9587,0.96087,0.9587,3.4733,0.96102,0.99638,0.98465,0.9683,0.98799
0.7059,0,6.8974,0.99429,0,1.3408e+154,3.8136,0,1.3408e+154,2.9054,0.99619,0.99587,8.0274,1.3408e+154,1.3408e+154,1.3408e+154,8.4922,9.9847,7.7281,9.0731,0,0,0.70445,0,0.89199,0,0,0,0,0,4.4589,1.3408e+154,1.3408e+154,0.88312,0.96483,0.98313,0,0.94589,0.70157,0,0.93495,0,0,0,0,0,10.991,8.8431,1.9571,0.99507,1.9624,0,0,0.98856,0,0,0,0,0.7059,3.695,0.94564,0.99467,0.9947,0.99612,0.995,2.7187,0,0,1.9608,0.99536,3.6815,0.99663,4.0034,6.8612,0.98665,3.7788,0.96704,9.5804,0.97737,0,0,0,0,12.093,1.3408e+154,1.3408e+154,12.093,12.093,12.093,1.3408e+154,0.70558,0.94578,0.94578,0,0.97737,0,0,0,0,0.89199,0,0.70504,0,0,0.7059,0,0,0,0.99392,0.70504,1.8744,0.89199,0.88828,0,0.96704,0,0,0,0,0,1.8641,2.5162,0.89199,1.6445,0,0,0,0,0,0.97923,3.0805,0,0,0,0,0.98504,4.6145,0.97737,0.99638,0.99617,0,0
0,0,0.97966,0.98421,0,1.3408e+154,3.7288,0,1.3408e+154,0.94324,0.97552,0,3.358,1.3408e+154,1.3408e+154,1.3408e+154,6.7976,6.2419,7.0877,1.9711,1.648,1.749,0.87195,0.89199,0,0,0,0,0,0,0,1.3408e+154,1.3408e+154,0.99504,0.97354,0.69167,1.408,1.4106,0.89276,1.655,1.6011,0.85606,1.968,1.9748,0.84853,0.84853,10.991,6.5596,1.9124,0,1.7342,0.89087,0,1.8752,1.9287,0,0.66259,0.63246,0.84482,3.0387,0.82416,0.94444,0.95985,0.96595,0.96476,2.8567,0.88646,1.5186,2.7491,0.6663,0.8714,0.98399,2.6186,0,0,2.3798,0.67828,6.1779,1.7405,1.3816,0.85079,0.8818,1.3098,0,1.3408e+154,1.3408e+154,0,0,0,1.3408e+154,0.8848,0.85226,0,0,0.94984,0,0.89161,0.8871,0.88289,0.87057,0.88567,0.88567,0.86772,0.88374,0.87929,0,0,0,0.98915,0.83812,1.5915,0,0.85496,0.66366,0.6576,0,0.85627,0.87981,1.991,0,0.88515,2.3795,0.80582,0,0.88896,0.81556,0.88585,0.87844,0,1.3707,0,0,1.7453,1.7019,1.6309,1.7273,2.2867,0,1.9715,1.884,1.7686,1.9067
0.69531,0,3.094,0,0,1.3408e+154,3.7288,0,1.3408e+154,2.3157,0,0.96243,2.9991,1.3408e+154,1.3408e+154,1.3408e+154,6.7976,6.2419,7.0877,1.9711,0,0,0.69584,0,0,0,0,0,0,0,0,1.3408e+154,1.3408e+154,0.99504,0.97354,0.69167,0,0.94758,0.70628,0,0.93655,0,0,0,0,0,10.991,6.5596,1.9124,0.965,1.7342,0,0,0.98324,0,0,0,0,0,3.0387,0.67828,0.96561,0,0,0,2.8567,0,0,2.7491,0,0.94095,0,2.6186,3.492,0.69289,2.3798,0,6.1779,0.9622,0,0,0,0,0,1.3408e+154,1.3408e+154,0,0,0,1.3408e+154,0,0.85226,0,0,0.94984,0,0,0,0,0.87057,0,0,0,0,0,0,0,0,0,0,1.6996,0.85987,0,0,0.68599,0,0,0,0,0,1.718,2.3313,0.85987,1.4884,0,0,0,0,0,0.88312,0,0,0,0,0,0.95995,2.6479,0.93556,0.99609,0.98411,0,0
0,0,0.97966,0.98421,0,1.3408e+154,3.7288,0,1.3408e+154,0.94324,0.97552,0,3.358,1.3408e+154,1.3408e+154,1.3408e+154,6.7976,6.2419,7.0877,1.9711,0,0,0.69584,0,0,0,0,0,0,0,0,1.3408e+154,1.3408e+154,0.99504,0.97354,0.69167,0,0.94758,0.70628,0,0.93655,0,0,0,0,0,10.991,6.5596,1.9124,0,1.7342,0,0,0.98324,0,0,0,0,0.68182,3.0387,0.67082,0.94444,0.95985,0.96595,0.96476,2.8567,0,0,2.7491,0.6663,0.8714,0.98399,2.6186,0,0,2.3798,0.67828,6.1779,0.9622,0,0,0,0,0,1.3408e+154,1.3408e+154,0,0,0,1.3408e+154,0.70232,0.85226,0,0,0.94984,0,0,0,0,0.87057,0,0.70275,0,0,0.69956,0,0,0,0.98915,0.67828,1.5915,0,0.85496,0,0.57143,0,0,0,0,0,0.88515,2.3795,0.80582,0,0,0,0,0,0,0.88312,0,0,0,0,0,0.95995,2.2867,0,0.99638,0.9845,0,0
0,0,0.97966,0.98421,0,1.3408e+154,3.7288,0,1.3408e+154,0.94324,0.97552,0,3.358,1.3408e+154,1.3408e+154,1.3408e+154,6.7976,6.2419,7.0877,1.9711,0,0,0.69584,0,0,0,0,0,0,0,0,1.3408e+154,1.3408e+154,0.99504,0,0.69167,0,0.94758,0.70628,0,0.93655,0,0,0,0,0,10.991,6.5596,1.9124,0,1.7342,0,0,0.98324,0,0,0,0,0.68182,3.0387,0.67082,0.94444,0.95985,0.96595,0.96476,2.8567,0,0,2.7491,0.6663,0.8714,0.98399,2.6186,0,0,2.3798,0.67828,6.1779,0.9622,0,0,0,0,0,1.3408e+154,1.3408e+154,0,0,0,1.3408e+154,0.70232,0.85226,0,0,0.94984,0,0,0,0,0.87057,0,0.70275,0,0,0.69956,0,0,0,0.98915,0.67828,1.5915,0,0.85496,0,0.57143,0,0,0,0,0,0.88515,2.3795,0.80582,0,0,0,0,0,0,0.88312,0,0,0,0,0,0.95995,2.2867,0,0.99638,0.9845,0,0
0.9935,0,4.9441,5.3361,0,1.3408e+154,3.7288,0,1.3408e+154,7.0575,7.4472,6.4125,4.5198,1.3408e+154,1.3408e+154,1.3408e+154,7.3532,6.2419,8.8819,1.9776,0,0,0.96762,0,0,0,0,0,0,0,0,1.3408e+154,1.3408e+154,8.8492,6.694,0.98295,0,0.99733,0.99631,0,0.9845,0,0,0,0,0,11.48,7.0547,1.9212,0.99235,1.8351,0,0,0.98474,0,0,0,0,0.9772,4.5376,0.70583,7.6216,3.7212,7.7955,3.737,8.3917,0,0,6.4575,1.9622,0.99422,9.0343,3.2027,9.4934,0.98647,2.3782,0.96687,6.1779,0.98923,0,0,0,0,0,1.3408e+154,1.3408e+154,0,0,0,1.3408e+154,0.98647,1.6477,0.94562,0,3.019,0,0,0,0,1.7686,0,0.98647,0,0,0.98295,0,0,0,7.2018,0.96687,1.9409,1.8343,1.9457,0,0.70583,0,0,0,0,0,1.9495,2.8464,1.8343,1.8732,0,0,0,0,0,0.89186,0,0,0,0,0,0.96785,4.0975,0.9772,0.99638,0.9845,0,0
0.99342,0,4.9348,5.3747,0,1.3408e+154,3.7288,0,1.3408e+154,7.0304,7.4154,6.3922,4.5127,1.3408e+154,1.3408e+154,1.3408e+154,6.2349,5.491,9.0633,1.9795,0,0,0.96785,0,0,0,0,0,0,0,0,1.3408e+154,1.3408e+154,9.0286,6.6709,0.98288,0,0.99758,0.99655,0,0.98474,0,0,0,0,0,11.88,7.1446,1.9189,0.99227,1.8331,0,0,0.98498,0,0,0,0,0.97712,4.5613,0.70581,7.5372,3.7173,7.759,3.733,8.5442,0,0,6.5262,1.9617,0.99414,8.9776,3.2001,9.4278,0.98639,2.3728,0.9668,6.0722,0.99029,0,0,0,0,0,1.3408e+154,1.3408e+154,0,0,0,1.3408e+154,0.98639,1.6474,0.94555,0,3.0169,0,0,0,0,1.7681,0,0.98671,0,0,0.98288,0,0,0,7.173,0.9668,1.9489,1.8338,1.9451,0,0.70581,0,0,0,0,0,1.9459,2.8446,1.8338,1.8727,0,0,0,0,0,0.89204,0,0,0,0,0,0.96808,4.0922,0.97712,0.99633,0.98372,0,0
4.3104,4.4883,4.9029,5.184,0,1.3408e+154,3.7288,3.3728,1.3408e+154,6.9393,7.3086,6.2505,4.4883,1.3408e+154,1.3408e+154,1.3408e+154,4.7945,5.7464,8.4584,1.9749,4.447,4.1569,3.0327,4.4589,0,0,0,0,0,0,0,1.3408e+154,1.3408e+154,8.6193,6.5928,0.98262,4.5715,4.66,4.5586,4.5901,3.7158,0.97713,4.6346,4.6407,3.635,3.635,10.974,6.9365,3.462,4.2335,3.3914,4.2857,0,3.7286,4.059,3.635,3.635,1.8322,3.3728,4.5057,0.97688,7.3819,3.7036,7.637,3.7192,8.1949,4.2699,4.1557,6.2922,1.9596,0.99388,8.7901,3.1914,9.2113,0.98614,2.4816,0.97688,6.1244,4.074,3.8539,2.5077,3.635,3.0096,0,1.3408e+154,1.3408e+154,0,0,0,1.3408e+154,3.826,1.8322,0.97688,0,2.7345,0,4.4123,3.9675,3.635,3.0096,3.826,3.826,3.0096,3.826,3.635,0,0,0.97688,7.0762,3.0096,4.3104,3.3728,4.2699,0.97688,0.97688,0,0.97611,0.97761,4.8176,0,4.2462,4.3434,3.3728,3.635,4.1207,1.8352,3.8286,3.3728,0,1.8322,0,0,3.0169,3.0096,2.5232,3.0397,4.074,3.3728,4.5973,3.7113,3.0398,3.8646
1.3408e+154,1.3408e+154,1.3408e+154,1.3408e+154,1.3408e+154,1.3408e+154,1.3408e+154,1.3408e+154,1.3408e+154,1.3408e+154,1.3408e+154,1.3408e+154,1.3408e+154,1.3408e+154,1.3408e+154,1.3408e+154,1.3408e+154,1.3408e+154,1.3408e+154,1.3408e+154,1.3408e+154,1.3408e+154,1.3408e+154,1.3408e+154,1.3408e+154,1.3408e+154,1.3408e+154,1.3408e+154,1.3408e+154,1.3408e+154,1.3408e+154,0,1.3408e+154,1.3408e+154,1.3408e+154,1.3408e+154,1.3408e+154,1.3408e+154,1.3408e+154,1.3408e+154,1.3408e+154,1.3408e+154,1.3408e+154,1.3408e+154,1.3408e+154,1.3408e+154,1.3408e+154,1.3408e+154,1.3408e+154,1.3408e+154,1.3408e+154,1.3408e+154,1.3408e+154,1.3408e+154,1.3408e+154,1.3408e+154,1.3408e+154,1.3408e+154,1.3408e+154,1.3408e+154,1.3408e+154,1.3408e+154,1.3408e+154,1.3408e+154,1.3408e+154,1.3408e+154,1.3408e+154,1.3408e+154,1.3408e+154,1.3408e+154,1.3408e+154,1.3408e+154,1.3408e+154,1.3408e+154,1.3408e+154,1.3408e+154,1.3408e+154,1.3408e+154,1.3408e+154,1.3408e+154,1.3408e+154,1.3408e+154,1.3408e+154,1.3408e+154,1.3408e+154,1.3408e+154,1.3408e+154,1.3408e+154,1.3408e+154,1.3408e+154,1.3408e+154,1.3408e+154,1.3408e+154,1.3408e+154,1.3408e+154,1.3408e+154,1.3408e+154,1.3408e+154,1.3408e+154,1.3408e+154,1.3408e+154,1.3408e+154,1.3408e+154,1.3408e+154,1.3408e+154,1.3408e+154,1.3408e+154,1.3408e+154,1.3408e+154,1.3408e+154,1.3408e+154,1.3408e+154,1.3408e+154,1.3408e+154,1.3408e+154,1.3408e+154,1.3408e+154,1.3408e+154,1.3408e+154,1.3408e+154,1.3408e+154,1.3408e+154,1.3408e+154,1.3408e+154,1.3408e+154,1.3408e+154,1.3408e+154,1.3408e+154,1.3408e+154,1.3408e+154,1.3408e+154,1.3408e+154,1.3408e+154,1.3408e+154,1.3408e+154,1.3408e+154,1.3408e+154,1.3408e+154,1.3408e+154,1.3408e+154,1.3408e+154,1.3408e+154
1.3408e+154,1.3408e+154,1.3408e+154,1.3408e+154,1.3408e+154,19.536,1.3408e+154,1.3408e+154,12.098,1.3408e+154,1.3408e+154,1.3408e+154,1.3408e+154,0.99727,5.2041,8.4554,1.3408e+154,1.3408e+154,1.3408e+154,1.3408e+154,1.3408e+154,1.3408e+154,1.3408e+154,1.3408e+154,1.3408e+154,1.3408e+154,1.3408e+154,1.3408e+154,1.3408e+154,1.3408e+154,1.3408e+154,1.3408e+154,0,1.3408e+154,1.3408e+154,1.3408e+154,1.3408e+154,1.3408e+154,1.3408e+154,1.3408e+154,1.3408e+154,1.3408e+154,1.3408e+154,1.3408e+154,1.3408e+154,1.3408e+154,1.3408e+154,1.3408e+154,1.3408e+154,1.3408e+154,1.3408e+154,1.3408e+154,1.3408e+154,1.3408e+154,1.3408e+154,1.3408e+154,1.3408e+154,1.3408e+154,1.3408e+154,1.3408e+154,1.3408e+154,1.3408e+154,1.3408e+154,1.3408e+154,1.3408e+154,1.3408e+154,1.3408e+154,1.3408e+154,1.3408e+154,1.3408e+154,1.3408e+154,1.3408e+154,1.3408e+154,1.3408e+154,1.3408e+154,1.3408e+154,1.3408e+154,1.3408e+154,1.3408e+154,1.3408e+154,1.3408e+154,1.3408e+154,1.3408e+154,1.9977,8.6922,12.261,7.8587,8.6495,18.057,10.701,1.3408e+154,1.3408e+154,1.3408e+154,1.3408e+154,1.3408e+154,1.3408e+154,1.3408e+154,1.3408e+154,1.3408e+154,1.3408e+154,1.3408e+154,1.3408e+154,1.3408e+154,1.3408e+154,1.3408e+154,1.3408e+154,1.3408e+154,1.3408e+154,1.3408e+154,1.3408e+154,1.3408e+154,1.3408e+154,1.3408e+154,1.3408e+154,1.3408e+154,1.3408e+154,1.3408e+154,1.3408e+154,2.9698,1.3408e+154,1.3408e+154,1.3408e+154,1.3408e+154,1.3408e+154,1.3408e+154,1.3408e+154,1.3408e+154,1.3408e+154,1.3408e+154,1.3408e+154,1.3408e+154,1.3408e+154,1.3408e+154,1.3408e+154,1.3408e+154,1.3408e+154,1.3408e+154,1.3408e+154,1.3408e+154,1.3408e+154,1.3408e+154,1.3408e+154
0.99504,0.99637,6.9397,0.99407,0.99504,1.3408e+154,9.9315,4.4721,1.3408e+154,2.9212,0.99683,0.9965,8.3812,1.3408e+154,1.3408e+154,1.3408e+154,8.9144,10.692,7.9037,9.5937,2.5956,3.3424,0.99366,0.88312,0.99504,0.99504,0.99504,0.99504,8.8492,9.0286,8.6193,1.3408e+154,1.3408e+154,0,0.98343,0.99504,1.8896,2.7456,0.99244,2.8443,1.644,2.8571,7.5906,8.9149,2.8735,2.8735,10.991,8.518,9.0336,8.7416,8.886,9.2308,0.98216,6.6476,9.3775,0.99504,0.99504,0.99504,0.99504,3.5643,2.8715,0.99559,0.99569,0.99675,0.99599,2.7789,0.99223,3.4569,2.8924,0.996,3.7139,0.99694,5.145,6.9644,0.99471,9.6707,0.99504,10.088,4.4721,1.9535,0.99504,0.99504,1.9573,13.416,1.3408e+154,1.3408e+154,13.416,13.416,13.416,1.3408e+154,0.99381,0.99471,0.99504,0.99504,0.99381,0.99504,0.99298,0.99504,0.99504,0.99504,0.9894,0.99231,0.99504,0.99471,0.99504,0.99504,0.99504,0.99504,0.99552,0.99381,5.145,0.99471,0.98958,0.99504,3.7139,0.99504,8.7928,9.0319,12.206,8.48,5.2731,4.4721,0.99504,2.8443,0.99424,0.99308,0.99213,0.99471,3.5966,4.9646,6.2217,3.6643,6.3635,5.6466,6.2259,5.4344,4.0236,4.4721,9.4132,9.5937,9.4174,9.4537
0.97129,0.97509,4.1071,0.9952,0.97354,1.3408e+154,7.7937,3.2427,1.3408e+154,2.5259,0.9778,0.97749,4.312,1.3408e+154,1.3408e+154,1.3408e+154,8.1066,9.8244,7.7281,8.9523,2.7493,3.5026,0.99118,0.96483,0.97354,0.97354,0.97354,0,6.694,6.6709,6.5928,1.3408e+154,1.3408e+154,0.98343,0,0.97354,1.9096,2.8432,0.99071,2.7164,2.8016,2.777,5.6476,6.9209,2.4528,2.4528,10.991,8.8431,6.6065,4.1455,4.1666,4.1945,0.99175,6.5158,6.8079,0.97354,0.97354,0.97354,0.97354,3.6911,2.4528,0.9725,0.98628,0.97773,0.99161,2.7248,0.95865,2.8935,2.8094,0.97702,2.9875,0.89263,3.0805,4.0994,0.97354,7.4407,0.96544,9.5804,3.4736,1.8929,0,0,1.8655,4.7087,1.3408e+154,1.3408e+154,4.7087,10.807,4.7087,1.3408e+154,0.98768,0.96332,0.97354,0.97354,0.98876,0.97354,0.98931,0.99005,0.99005,0.98916,0.98947,0.99037,0.98498,0.98768,0.98265,0.97354,0.97354,0.97354,0.99152,0.97354,3.4736,0.97269,0.97269,0.9827,2.916,0.98655,4.1569,4.1888,9.0286,4.1166,2.743,3.6391,0.97354,2.4528,0.99103,0.99085,0.98826,0.98965,6.6669,4.5968,6.0191,7.2431,5.6881,4.5712,5.7785,5.145,3.4736,3.2427,7.6084,7.2446,6.6973,7.1154
0.95512,0.95694,3.094,0.98421,0.69167,1.3408e+154,5.1849,2.4234,1.3408e+154,2.3147,0.97552,0.96243,2.9991,1.3408e+154,1.3408e+154,1.3408e+154,6.7976,6.2419,7.0842,1.9707,2.6172,3.0906,0.95649,0.98313,0.69167,0.69167,0.69167,0.69167,0.98295,0.98288,0.98262,1.3408e+154,1.3408e+154,0.99504,0.97354,0,1.8825,2.6586,0.98417,2.6454,2.4408,0.93562,5.2723,5.4065,2.0889,2.0889,10.936,6.5305,4.4189,3.1368,3.0113,3.1579,0.70197,4.0108,4.6325,0.94573,0.94573,0.86378,0.94061,3.0302,0.91234,0.96561,0.95985,0.96595,0.96476,2.8567,0.97574,2.4786,2.7491,0.87204,0.94095,0.98399,2.6186,3.492,0.69289,2.6551,0.69167,6.1072,3.0443,1.8208,0.92876,0.96954,1.6651,0.97014,1.3408e+154,1.3408e+154,0.97014,0.99827,0.97014,1.3408e+154,0.97352,0.87929,0.69167,0,0.95512,0.69167,0.98262,0.9766,0.97098,0.95467,0.97468,0.97468,0.95091,0.96875,0.9662,0.69167,0.69167,0.69167,0.98915,0.93138,2.8401,0.94061,0.95467,0.69874,0.93138,0.70012,0.95649,0.96689,5.7691,0.95599,2.9285,2.9388,0.94061,2.0889,0.97907,0.88346,0.97493,0.96507,0.98286,1.7961,0.98045,0.9845,3.0703,2.851,2.5504,2.9754,2.6479,2.2776,5.3412,4.0994,3.203,4.3505
0.89236,0,7.3379,1.9723,0,1.3408e+154,3.8879,0,1.3408e+154,2.9359,1.9795,1.9769,8.7468,1.3408e+154,1.3408e+154,1.3408e+154,9.3582,11.484,8.4091,10.154,0,0,0.88801,0,1.408,0,0,0,0,0,4.5715,1.3408e+154,1.3408e+154,1.8896,1.9096,1.8825,0,0.94564,0.86772,0,0.94104,0,0,0,0,0,11.69,9.9084,1.96,0.99628,1.9723,0,0,0.99467,0,0,0,0,0.89286,3.7583,0.94674,1.9637,1.9684,1.9789,1.9676,2.8231,0,0,2.8795,1.973,3.7441,1.9729,4.0843,6.8364,1.9076,3.8466,1.7759,10.981,0.97852,0,0,0,0,15.092,1.3408e+154,1.3408e+154,15.092,15.092,15.092,1.3408e+154,0.89286,1.6541,1.6541,0,1.8412,0,0,0,0,1.408,0,0.89286,0,0,0.89236,0,0,0,1.9624,0.89286,1.8825,1.4072,1.4072,0,0.96814,0,0,0,0,0,1.8821,2.5359,1.408,1.408,0,0,0,0,0,0.98045,3.1193,0,0,0,0,0.98628,4.7397,0.97852,0.99735,0.99738,0,0
