0,0,1.6067,1.7107,0,1.3408e+154,5.3432,0,1.3408e+154,1.3957,1.532,0,4.9761,1.3408e+154,1.3408e+154,1.3408e+154,8.5179,10.066,8.5954,9.1552,1.3843,1.4573,0.93634,0.94648,0,0.8595,0,0,1.6719,1.6723,4.97,1.3408e+154,1.3408e+154,1.7143,1.4286,1.3391,1.2453,1.4118,0.92825,1.3913,1.3843,1.3614,1.7134,1.6941,0.82979,0.82979,11.801,9.4453,2.8999,0,2.4186,0.94402,0.94477,1.6947,1.6872,0,0.65,0.65,0.82979,4.62,1.1471,1.2973,1.5672,1.448,1.6388,4.0334,0.88889,1.2046,3.7113,0.94033,2.2382,1.5786,3.4667,0,0,4.9893,1.2046,9.7786,1.3854,1.2227,0.90099,0.92258,1.1629,1.8571,1.3408e+154,1.3408e+154,0,14.733,3.4667,1.3408e+154,0.92582,1.1751,0,0.8595,1.4773,0,0.93886,0.93095,0.93095,1.2046,0.93301,0.93301,0.9083,0.91873,0.9083,0,0,0,1.5242,0.82979,1.6,0,1.047,0.90099,0.8595,0.91406,1.3672,1.5147,1.9091,1.4394,1.1053,2.6752,0.96,0,0.93506,0.93644,0.93483,0.92857,1.6774,1.5264,4.1935,1.7182,1.604,1.5028,1.6155,1.578,2.9068,0,1.7623,1.7213,1.6813,1.7091
0,0,1.6536,1.7639,0,1.3408e+154,5.8988,0,1.3408e+154,1.2785,1.5745,0,5.4545,1.3408e+154,1.3408e+154,1.3408e+154,10.023,12.237,10.13,10.917,0,0,0.95497,0,0,0,0,0,0,0,5.4473,1.3408e+154,1.3408e+154,1.7518,1.4907,1.3714,0,1.3721,0.94968,0,1.419,0,0,0,0,0,13.13,11.332,3.0562,0,2.5263,0,0,1.7469,0,0,0,0,0.84211,5.0296,1.1707,1.4118,1.6201,1.4785,1.6822,4.2728,0,0,4.1618,0.95618,2.3301,1.4878,3.6923,0,0,5.4704,1.2308,11.815,1.3994,0,0,0,0,1.92,1.3408e+154,1.3408e+154,0,19.902,3.6923,1.3408e+154,0.94118,1.3333,0,0,1.5168,0,0,0,0,1.2308,0,0.94862,0,0,0.92308,0,0,0,1.673,0.84211,1.8824,0,1.0645,0,0.87273,0,0,0,0,0,1.1873,2.7861,0.97959,0,0,0,0,0,0,1.5686,4.5283,0,0,0,0,1.6232,3.0638,0,1.802,1.7752,0,0
1.6067,1.6536,0,4.8087,1.3408e+154,1.3408e+154,8.9163,1.3408e+154,1.3408e+154,1.633,1.3408e+154,1.5944,4.0678,1.3408e+154,1.3408e+154,1.3408e+154,7.2962,7.5578,7.3619,6.4893,7.1623,6.1653,5.1662,7.1193,1.4987,3.4217,1.4987,1.4987,5.5113,5.5152,5.4189,1.3408e+154,1.3408e+154,7.2928,4.5531,3.4217,7.6537,8.3463,7.5774,7.7785,5.4203,5.0849,8.979,9.6392,1.3408e+154,1.3408e+154,11.801,7.6976,6.3559,24.087,4.0519,1.3408e+154,5.3405,5.7665,6.7454,1.3408e+154,1.3408e+154,1.3408e+154,1.3408e+154,1.3408e+154,1.3408e+154,3.3418,4.3203,4.319,4.9071,7.6625,1.3408e+154,1.3408e+154,6.2215,1.3408e+154,1.3408e+154,5.5893,1.3408e+154,1.3408e+154,1.4732,1.3408e+154,1.3408e+154,7.3947,1.3408e+154,5.4125,4.1897,4.7014,4.1897,1.7143,1.3408e+154,1.3408e+154,1.7143,8.8696,2.6816e+154,1.3408e+154,5.0759,4.3526,1.4987,3.4217,4.8612,1.4987,6.8184,5.4906,4.927,4.7866,5.3,5.3,4.3526,4.8699,4.3526,1.3408e+154,1.3408e+154,1.3408e+154,5.5197,1.3408e+154,1.3408e+154,1.3408e+154,3.4217,4.1897,1.4987,4.4882,3.1768,4.1062,16.059,3.5965,1.6067,5.234,2.3966,1.4987,5.9791,5.0849,5.3592,4.8612,5.5714,4.9855,5.2016,6.0477,1.3408e+154,4.4882,1.3408e+154,5.234,2.9948,1.4987,9.4441,6.0872,5.6144,6.388
1.7107,1.7639,4.8087,0,1.5888,1.3408e+154,10.146,4.359,1.3408e+154,3.996,0,1.6711,6.1538,1.3408e+154,1.3408e+154,1.3408e+154,7.2222,7.9206,4.3273,6.6667,3.6331,3.3775,1.5888,1.7014,1.5888,0,1.5888,1.5888,6.4215,6.5265,5.998,1.3408e+154,1.3408e+154,1.6961,1.7188,1.5888,3.1145,4.3108,1.747,4.2274,2.9608,3.3775,9.7731,10.56,3.3775,3.3775,11.801,7.6776,8.1113,8.3815,6.4762,8.8995,0,4.8536,8.1489,0,0,0,0,2.0787,3.3775,1.6337,0,0,0,4.0544,1.7014,3.3775,3.6923,0,3.9306,0,4.7005,7.2727,1.5888,5.9677,0,7.3411,4.9595,2.721,1.5888,1.5888,2.6357,10,1.3408e+154,1.3408e+154,10,8.7273,10,1.3408e+154,0,1.5888,0,1.5888,1.568,0,1.7188,0,0,1.5888,0,0,0,0,0,0,0,0,0,0,5.9569,1.5888,0,0,3.9306,0,6.4215,6.6159,18.789,6.2243,6.4115,5.5008,1.5888,1.403,0,0,1.5888,0,5.9569,4.7005,5.5738,6.4215,5.4064,4.9791,4.4124,2.721,2.6357,4.359,11.299,6.9388,6.7903,7.4212
0,0,1.3408e+154,1.5888,0,1.3408e+154,5.1507,2.5962,1.3408e+154,1.3632,14.494,0,3.8095,1.3408e+154,1.3408e+154,1.3408e+154,7.4353,7.5578,8.108,3.1175,0,0,0.86857,0,0,0,0,0,0,0,0,1.3408e+154,1.3408e+154,1.7143,1.4583,0.82759,0,1.4234,0.95415,0,1.3034,0,0,0,15.435,15.435,11.801,7.6976,2.711,1.3408e+154,2.1053,10.402,0,1.5749,0,9.2411,6.3076,5.9616,10.852,6.1921,3.2711,1.3643,1.3861,1.4576,1.4353,3.9727,6.4148,19.608,3.5468,5.7176,5.6091,1.5786,13.17,14.367,0,16.64,1.3408e+154,7.3947,1.3408e+154,0,0,0,0,0,1.3408e+154,1.3408e+154,0,0,50.111,1.3408e+154,0.8984,1.0213,0,0,1.3098,0,0,0,0,1.0909,0,0.90517,0,0,0.87273,4.2566,8.8809,4.3484,1.6058,13.707,8.3823,1.7261,1.0435,0,0.61538,0,0,0,0,0,1.1629,2.6752,0.90909,0,0,0,0,0,0,1.1538,0,0,23.622,0,14.554,1.3884,2.4658,0,1.7623,1.5979,0,0
1.3408e+154,1.3408e+154,1.3408e+154,1.3408e+154,1.3408e+154,0,1.3408e+154,1.3408e+154,16.055,1.3408e+154,1.3408e+154,1.3408e+154,1.3408e+154,9.6833,10.485,10.918,1.3408e+154,1.3408e+154,1.3408e+154,1.3408e+154,1.3408e+154,1.3408e+154,1.3408e+154,1.3408e+154,1.3408e+154,1.3408e+154,1.3408e+154,1.3408e+154,1.3408e+154,1.3408e+154,1.3408e+154,1.3408e+154,21.709,1.3408e+154,1.3408e+154,1.3408e+154,1.3408e+154,1.3408e+154,1.3408e+154,1.3408e+154,1.3408e+154,1.3408e+154,1.3408e+154,1.3408e+154,1.3408e+154,1.3408e+154,1.3408e+154,1.3408e+154,1.3408e+154,1.3408e+154,1.3408e+154,1.3408e+154,1.3408e+154,1.3408e+154,1.3408e+154,1.3408e+154,1.3408e+154,1.3408e+154,1.3408e+154,1.3408e+154,1.3408e+154,1.3408e+154,1.3408e+154,1.3408e+154,1.3408e+154,1.3408e+154,1.3408e+154,1.3408e+154,1.3408e+154,1.3408e+154,1.3408e+154,1.3408e+154,1.3408e+154,1.3408e+154,1.3408e+154,1.3408e+154,1.3408e+154,1.3408e+154,1.3408e+154,1.3408e+154,1.3408e+154,1.3408e+154,1.3408e+154,59.933,17.368,11.018,62.984,45.231,45.551,13.231,1.3408e+154,1.3408e+154,1.3408e+154,1.3408e+154,1.3408e+154,1.3408e+154,1.3408e+154,1.3408e+154,1.3408e+154,1.3408e+154,1.3408e+154,1.3408e+154,1.3408e+154,1.3408e+154,1.3408e+154,1.3408e+154,1.3408e+154,1.3408e+154,1.3408e+154,1.3408e+154,1.3408e+154,1.3408e+154,1.3408e+154,1.3408e+154,1.3408e+154,1.3408e+154,1.3408e+154,1.3408e+154,33.6,1.3408e+154,1.3408e+154,1.3408e+154,1.3408e+154,1.3408e+154,1.3408e+154,1.3408e+154,1.3408e+154,1.3408e+154,1.3408e+154,1.3408e+154,1.3408e+154,1.3408e+154,1.3408e+154,1.3408e+154,1.3408e+154,1.3408e+154,1.3408e+154,1.3408e+154,1.3408e+154,1.3408e+154,1.3408e+154,1.3408e+154
5.3432,5.8988,8.9163,10.146,5.1507,1.3408e+154,0,4.735,1.3408e+154,12.421,9.9524,11.315,10.579,1.3408e+154,1.3408e+154,1.3408e+154,9.6923,9.5518,12.293,10.07,5.1022,5.1507,5.1507,5.4228,5.1507,5.1507,5.1507,5.1507,5.1507,5.1507,5.1507,1.3408e+154,1.3408e+154,10.968,8.9974,6.5582,5.7573,5.7715,5.714,5.2669,5.1507,5.1507,4.7619,5.1952,5.1507,5.1507,8.2812,8.4689,4.7682,4.7213,5.1097,4.7003,5.1507,4.9003,5.1507,5.1507,5.1507,5.1507,5.1507,9.88,5.1507,11.113,10.622,11.796,11.003,10.412,5.2532,5.1507,10.429,10.622,9.7579,13.236,6.4844,14.998,7.1136,5.0633,5.1507,9.8916,5.1507,5.1507,5.1507,5.0128,5.1507,16.851,1.3408e+154,1.3408e+154,16.851,16.851,16.851,1.3408e+154,5.0476,5.0476,5.1507,5.1507,5.912,5.1507,5.4937,5.1507,5.1507,5.1507,5.1507,5.1507,5.1507,5.1507,5.1507,5.1507,5.1507,5.1507,10.884,5.1507,5.3432,5.1507,5.2532,5.1507,5.1507,5.1507,5.1507,5.1507,7.4182,5.1507,5.3432,5.4228,5.1507,5.1507,5.1507,5.1507,5.1507,5.1507,5.1507,5.1507,5.1507,5.0775,5.1507,5.1507,5.1226,5.1507,8.0191,5.1507,5.0843,5.0509,5.0008,5.032
0,0,1.3408e+154,4.359,2.5962,1.3408e+154,4.735,0,1.3408e+154,1.4994,19.397,0,2.3077,1.3408e+154,1.3408e+154,1.3408e+154,7.4353,7.4024,8.108,5.8559,0,0,1.3768,0,0,0,0,0,0,0,3.806,1.3408e+154,1.3408e+154,5.4545,3.5,2.449,0,1.5726,1.5431,0,1.4274,0,0,0,11.529,11.529,11.801,7.6976,2.711,1.3408e+154,2,9.0528,0,1.5749,0,14.997,19.595,15.231,23.452,12.361,8.4163,3.0034,3.3735,3.4955,3.68,5.4039,21.444,22.161,4.1618,9.9842,9.6199,4.2834,16.93,20.555,0,17.775,1.3408e+154,7.3222,1.3408e+154,0,0,0,0,1.6667,1.3408e+154,1.3408e+154,0,7.7273,47.794,1.3408e+154,1.4023,2.3301,0,0,2.9545,0,0,0,0,2.0339,0,1.4189,0,0,1.3408,0,7.816,3.5273,4.4898,11.451,19.143,6.6726,1.791,0,0.83333,0,0,0,0,0,1.1629,2.6752,1.4286,0,0,0,0,0,0,1.3953,3.3333,0,11.579,0,15.897,1.4384,2.4658,0,1.7607,1.5979,0,0
1.3408e+154,1.3408e+154,1.3408e+154,1.3408e+154,1.3408e+154,16.055,1.3408e+154,1.3408e+154,0,1.3408e+154,1.3408e+154,1.3408e+154,1.3408e+154,11.962,9.0026,8.723,1.3408e+154,1.3408e+154,1.3408e+154,1.3408e+154,1.3408e+154,1.3408e+154,1.3408e+154,1.3408e+154,1.3408e+154,1.3408e+154,1.3408e+154,1.3408e+154,1.3408e+154,1.3408e+154,1.3408e+154,1.3408e+154,13.405,1.3408e+154,1.3408e+154,1.3408e+154,1.3408e+154,1.3408e+154,1.3408e+154,1.3408e+154,1.3408e+154,1.3408e+154,1.3408e+154,1.3408e+154,1.3408e+154,1.3408e+154,1.3408e+154,1.3408e+154,1.3408e+154,1.3408e+154,1.3408e+154,1.3408e+154,1.3408e+154,1.3408e+154,1.3408e+154,1.3408e+154,1.3408e+154,1.3408e+154,1.3408e+154,1.3408e+154,1.3408e+154,1.3408e+154,1.3408e+154,1.3408e+154,1.3408e+154,1.3408e+154,1.3408e+154,1.3408e+154,1.3408e+154,1.3408e+154,1.3408e+154,1.3408e+154,1.3408e+154,1.3408e+154,1.3408e+154,1.3408e+154,1.3408e+154,1.3408e+154,1.3408e+154,1.3408e+154,1.3408e+154,1.3408e+154,1.3408e+154,23.833,1.7984,8.843,23.833,20.952,23.833,11.688,1.3408e+154,1.3408e+154,1.3408e+154,1.3408e+154,1.3408e+154,1.3408e+154,1.3408e+154,1.3408e+154,1.3408e+154,1.3408e+154,1.3408e+154,1.3408e+154,1.3408e+154,1.3408e+154,1.3408e+154,1.3408e+154,1.3408e+154,1.3408e+154,1.3408e+154,1.3408e+154,1.3408e+154,1.3408e+154,1.3408e+154,1.3408e+154,1.3408e+154,1.3408e+154,1.3408e+154,1.3408e+154,43.826,1.3408e+154,1.3408e+154,1.3408e+154,1.3408e+154,1.3408e+154,1.3408e+154,1.3408e+154,1.3408e+154,1.3408e+154,1.3408e+154,1.3408e+154,1.3408e+154,1.3408e+154,1.3408e+154,1.3408e+154,1.3408e+154,1.3408e+154,1.3408e+154,1.3408e+154,1.3408e+154,1.3408e+154,1.3408e+154,1.3408e+154
1.3957,1.2785,1.633,3.996,1.3632,1.3408e+154,12.421,1.4994,1.3408e+154,0,2.4132,1.3458,4.7942,1.3408e+154,1.3408e+154,1.3408e+154,6.0667,6.8521,6.6156,6.7875,4.2784,4.6588,3.8476,4.263,1.3632,2.7887,1.3632,1.3632,7.9009,7.9087,7.7122,1.3408e+154,1.3408e+154,4.3854,3.1873,2.7748,4.449,4.6745,4.4231,4.4909,3.9868,3.8023,11.866,13.047,1.3632,1.3632,8.0759,4.5861,5.1884,1.7106,5.2105,1.7311,3.9434,8.4361,3.1686,1.3632,1.3632,1.3632,2.4984,4.6804,2.4984,2.5557,3.2516,2.7405,3.4741,4.0779,3.5436,2.8326,3.7778,1.3632,2.2629,3.4927,4.2811,1.6244,1.2241,9.6259,2.4984,9.714,3.996,3.8023,3.2785,3.5837,3.2785,1.8,1.3408e+154,1.3408e+154,1.8,11.769,3.2727,1.3408e+154,3.633,3.3774,1.3632,2.7887,2.8139,1.3632,4.1532,3.7133,3.7133,3.633,3.7465,3.7465,3.3774,3.5263,3.3774,1.3632,1.3632,1.3632,3.5737,2.4984,3.3353,1.3632,2.5882,3.2785,1.4453,3.4585,3.8476,5.3006,28.431,4.4809,1.6096,4.1067,2.0679,1.3632,3.8261,3.8023,3.7759,3.6758,8.0249,5.447,7.0463,9.0517,6.5839,5.1572,6.7808,6.1669,3.1554,1.4453,12.692,5.5914,8.1144,8.805
1.532,1.5745,1.3408e+154,0,14.494,1.3408e+154,9.9524,19.397,1.3408e+154,2.4132,0,1.4973,4.8555,1.3408e+154,1.3408e+154,1.3408e+154,7.058,6.5835,7.6936,7.3816,4.2256,4.7167,1.6932,1.7518,1.5054,0,1.5054,1.5054,8.0688,8.0769,7.8721,1.3408e+154,1.3408e+154,1.7722,1.5385,1.5054,3.2152,4.6115,1.7783,4.4327,4.0291,3.8408,11.429,12.407,10.742,10.742,7.8721,6.8009,3.1186,1.3408e+154,5.283,14.316,0,8.6277,6.5854,7.1669,7.8948,7.3847,9.6456,15.063,13.204,1.4854,0,0,0,3.9341,7.1815,7.7621,3.865,17.984,12.535,0,8.6649,10.004,1.5054,21.068,1.3408e+154,9.969,1.3408e+154,2.9095,1.573,1.64,2.5926,6.6667,1.3408e+154,1.3408e+154,6.6667,12.593,32.041,1.3408e+154,0,1.5954,0,1.5054,1.6591,0,1.733,0,0,1.6503,0,0,0,0,0,6.8019,6.9266,7.8767,0,10.435,11.456,7.3685,0,0,3.4568,0,5.2465,5.3756,26.25,5.1142,4.4608,4.5161,1.5054,3.0216,0,0,1.6792,0,8.1982,5.5263,7.1795,9.2727,13.224,5.2282,12.661,6.2687,4.0385,3.7838,12.238,8.3844,8.2916,9.014
0,0,1.5944,1.6711,0,1.3408e+154,11.315,0,1.3408e+154,1.3458,1.4973,0,4.3636,1.3408e+154,1.3408e+154,1.3408e+154,4.7619,6.8521,7.3843,6.8335,4.1391,4.4941,1.6446,1.7368,0,1.415,0,0,7.0731,7.0794,6.758,1.3408e+154,1.3408e+154,1.7568,1.5268,1.415,3.1649,4.5087,1.7628,4.3376,3.7645,3.5996,10.853,11.833,1.3362,1.3362,10.193,6.1378,7.241,0,4.8372,1.7079,1.6619,7.4991,7.3549,0,0.92444,0.92444,1.3362,4.3769,2.4093,1.3673,1.5273,1.4322,1.5686,3.9727,1.6041,2.7709,3.3069,0.92444,2.1895,1.5664,4.0258,0,0,8.4247,1.3362,7.5498,3.8742,2.769,1.531,1.5944,2.4804,1.7778,1.3408e+154,1.3408e+154,0,10.88,3.2,1.3408e+154,1.6041,1.5522,0,1.415,1.6124,0,1.7183,1.6196,1.6196,1.6041,1.6258,1.6258,1.5522,1.583,1.5522,0,0,0,1.6149,1.3362,3.25,0,1.3744,1.531,1.415,1.5692,3.6402,4.9147,23.234,4.202,1.5895,4.4175,1.2023,0,1.6596,1.6363,1.6314,1.6124,7.1724,5.0404,6.3804,7.9816,5.9989,4.7912,6.1619,5.6507,3.0145,0,9.6785,8.0506,7.2438,7.7891
4.9761,5.4545,4.0678,6.1538,3.8095,1.3408e+154,10.579,2.3077,1.3408e+154,4.7942,4.8555,4.3636,0,1.3408e+154,1.3408e+154,1.3408e+154,7.2622,6.5578,8.6009,5.7754,8.46,7.1031,5.2962,8.4,3.8095,3.4783,3.8095,3.8095,5.5407,5.5446,5.4473,1.3408e+154,1.3408e+154,8.8889,5.045,3.4783,9.1542,10.163,9.0453,9.3333,6.1322,5.2107,8.2968,11.612,4.0678,4.0678,11.435,5.7214,7.1579,5.035,2.4597,4.6154,5.4795,6.4191,7.6557,4.0678,4.0678,3.8095,3.8095,5.3333,3.8095,4.8087,4.2748,4.9323,4.7059,6.706,6,4.7059,5.9504,3.8095,3.7113,5.4194,4.0678,5.5814,3.8095,6.2396,3.8095,5.9091,4.9655,6.1222,4.2748,5.2277,4.2748,5,1.3408e+154,1.3408e+154,5,7.7273,5,1.3408e+154,5.6949,4.4444,3.8095,3.8095,4.9761,3.8095,7.9843,6.2222,5.5082,4.898,5.9786,5.9786,4.4444,5.4369,4.8,3.8095,3.8095,3.8095,6.1538,3.8095,4.9761,3.8095,4.898,4.2748,3.8095,4.586,4.0461,4.1225,22.4,3.9669,4.9761,5.8947,3.8095,4.0678,6.8571,5.2107,6.0541,4.9761,5.6014,5.1064,5.3333,5.5635,5.2107,4.586,5.3333,5.3674,3.8095,3.8095,10.717,6.6755,5.4938,7.0172
1.3408e+154,1.3408e+154,1.3408e+154,1.3408e+154,1.3408e+154,9.6833,1.3408e+154,1.3408e+154,11.962,1.3408e+154,1.3408e+154,1.3408e+154,1.3408e+154,0,3.3333,4.586,1.3408e+154,1.3408e+154,1.3408e+154,1.3408e+154,1.3408e+154,1.3408e+154,1.3408e+154,1.3408e+154,1.3408e+154,1.3408e+154,1.3408e+154,1.3408e+154,1.3408e+154,1.3408e+154,1.3408e+154,1.3408e+154,1.7949,1.3408e+154,1.3408e+154,1.3408e+154,1.3408e+154,1.3408e+154,1.3408e+154,1.3408e+154,1.3408e+154,1.3408e+154,1.3408e+154,1.3408e+154,1.3408e+154,1.3408e+154,1.3408e+154,1.3408e+154,1.3408e+154,1.3408e+154,1.3408e+154,1.3408e+154,1.3408e+154,1.3408e+154,1.3408e+154,1.3408e+154,1.3408e+154,1.3408e+154,1.3408e+154,1.3408e+154,1.3408e+154,1.3408e+154,1.3408e+154,1.3408e+154,1.3408e+154,1.3408e+154,1.3408e+154,1.3408e+154,1.3408e+154,1.3408e+154,1.3408e+154,1.3408e+154,1.3408e+154,1.3408e+154,1.3408e+154,1.3408e+154,1.3408e+154,1.3408e+154,1.3408e+154,1.3408e+154,1.3408e+154,1.3408e+154,1.3408e+154,23.172,8.0255,8.5234,16.154,16.372,39.9,10.248,1.3408e+154,1.3408e+154,1.3408e+154,1.3408e+154,1.3408e+154,1.3408e+154,1.3408e+154,1.3408e+154,1.3408e+154,1.3408e+154,1.3408e+154,1.3408e+154,1.3408e+154,1.3408e+154,1.3408e+154,1.3408e+154,1.3408e+154,1.3408e+154,1.3408e+154,1.3408e+154,1.3408e+154,1.3408e+154,1.3408e+154,1.3408e+154,1.3408e+154,1.3408e+154,1.3408e+154,1.3408e+154,18.039,1.3408e+154,1.3408e+154,1.3408e+154,1.3408e+154,1.3408e+154,1.3408e+154,1.3408e+154,1.3408e+154,1.3408e+154,1.3408e+154,1.3408e+154,1.3408e+154,1.3408e+154,1.3408e+154,1.3408e+154,1.3408e+154,1.3408e+154,1.3408e+154,1.3408e+154,1.3408e+154,1.3408e+154,1.3408e+154,1.3408e+154
1.3408e+154,1.3408e+154,1.3408e+154,1.3408e+154,1.3408e+154,10.485,1.3408e+154,1.3408e+154,9.0026,1.3408e+154,1.3408e+154,1.3408e+154,1.3408e+154,3.3333,0,3.037,1.3408e+154,1.3408e+154,1.3408e+154,1.3408e+154,1.3408e+154,1.3408e+154,1.3408e+154,1.3408e+154,1.3408e+154,1.3408e+154,1.3408e+154,1.3408e+154,1.3408e+154,1.3408e+154,1.3408e+154,1.3408e+154,6.5129,1.3408e+154,1.3408e+154,1.3408e+154,1.3408e+154,1.3408e+154,1.3408e+154,1.3408e+154,1.3408e+154,1.3408e+154,1.3408e+154,1.3408e+154,1.3408e+154,1.3408e+154,1.3408e+154,1.3408e+154,1.3408e+154,1.3408e+154,1.3408e+154,1.3408e+154,1.3408e+154,1.3408e+154,1.3408e+154,1.3408e+154,1.3408e+154,1.3408e+154,1.3408e+154,1.3408e+154,1.3408e+154,1.3408e+154,1.3408e+154,1.3408e+154,1.3408e+154,1.3408e+154,1.3408e+154,1.3408e+154,1.3408e+154,1.3408e+154,1.3408e+154,1.3408e+154,1.3408e+154,1.3408e+154,1.3408e+154,1.3408e+154,1.3408e+154,1.3408e+154,1.3408e+154,1.3408e+154,1.3408e+154,1.3408e+154,1.3408e+154,20.16,12.371,4.2894,25.714,3.3846,13.091,8.5556,1.3408e+154,1.3408e+154,1.3408e+154,1.3408e+154,1.3408e+154,1.3408e+154,1.3408e+154,1.3408e+154,1.3408e+154,1.3408e+154,1.3408e+154,1.3408e+154,1.3408e+154,1.3408e+154,1.3408e+154,1.3408e+154,1.3408e+154,1.3408e+154,1.3408e+154,1.3408e+154,1.3408e+154,1.3408e+154,1.3408e+154,1.3408e+154,1.3408e+154,1.3408e+154,1.3408e+154,1.3408e+154,24.157,1.3408e+154,1.3408e+154,1.3408e+154,1.3408e+154,1.3408e+154,1.3408e+154,1.3408e+154,1.3408e+154,1.3408e+154,1.3408e+154,1.3408e+154,1.3408e+154,1.3408e+154,1.3408e+154,1.3408e+154,1.3408e+154,1.3408e+154,1.3408e+154,1.3408e+154,1.3408e+154,1.3408e+154,1.3408e+154,1.3408e+154
1.3408e+154,1.3408e+154,1.3408e+154,1.3408e+154,1.3408e+154,10.918,1.3408e+154,1.3408e+154,8.723,1.3408e+154,1.3408e+154,1.3408e+154,1.3408e+154,4.586,3.037,0,1.3408e+154,1.3408e+154,1.3408e+154,1.3408e+154,1.3408e+154,1.3408e+154,1.3408e+154,1.3408e+154,1.3408e+154,1.3408e+154,1.3408e+154,1.3408e+154,1.3408e+154,1.3408e+154,1.3408e+154,1.3408e+154,10.272,1.3408e+154,1.3408e+154,1.3408e+154,1.3408e+154,1.3408e+154,1.3408e+154,1.3408e+154,1.3408e+154,1.3408e+154,1.3408e+154,1.3408e+154,1.3408e+154,1.3408e+154,1.3408e+154,1.3408e+154,1.3408e+154,1.3408e+154,1.3408e+154,1.3408e+154,1.3408e+154,1.3408e+154,1.3408e+154,1.3408e+154,1.3408e+154,1.3408e+154,1.3408e+154,1.3408e+154,1.3408e+154,1.3408e+154,1.3408e+154,1.3408e+154,1.3408e+154,1.3408e+154,1.3408e+154,1.3408e+154,1.3408e+154,1.3408e+154,1.3408e+154,1.3408e+154,1.3408e+154,1.3408e+154,1.3408e+154,1.3408e+154,1.3408e+154,1.3408e+154,1.3408e+154,1.3408e+154,1.3408e+154,1.3408e+154,1.3408e+154,14.118,1.8555,8.0769,3.871,17.684,40,12.583,1.3408e+154,1.3408e+154,1.3408e+154,1.3408e+154,1.3408e+154,1.3408e+154,1.3408e+154,1.3408e+154,1.3408e+154,1.3408e+154,1.3408e+154,1.3408e+154,1.3408e+154,1.3408e+154,1.3408e+154,1.3408e+154,1.3408e+154,1.3408e+154,1.3408e+154,1.3408e+154,1.3408e+154,1.3408e+154,1.3408e+154,1.3408e+154,1.3408e+154,1.3408e+154,1.3408e+154,1.3408e+154,42.712,1.3408e+154,1.3408e+154,1.3408e+154,1.3408e+154,1.3408e+154,1.3408e+154,1.3408e+154,1.3408e+154,1.3408e+154,1.3408e+154,1.3408e+154,1.3408e+154,1.3408e+154,1.3408e+154,1.3408e+154,1.3408e+154,1.3408e+154,1.3408e+154,1.3408e+154,1.3408e+154,1.3408e+154,1.3408e+154,1.3408e+154
8.5179,10.023,7.2962,7.2222,7.4353,1.3408e+154,9.6923,7.4353,1.3408e+154,6.0667,7.058,4.7619,7.2622,1.3408e+154,1.3408e+154,1.3408e+154,0,6.6316,8.6309,3.913,8.7395,7.4956,7.4353,8.9545,7.4353,7.4353,7.4353,7.4353,8.1734,6.8478,5.5752,1.3408e+154,1.3408e+154,9.5122,8.4303,7.4353,9.8167,10.986,9.6915,7.0702,7.8171,6.8478,10.351,11.657,7.4353,7.4353,9.5732,4.5514,9.0304,8.7944,8.2623,9.3664,7.6521,8.0274,5.3134,7.4353,7.4353,7.4353,7.4353,7.2686,7.4353,6.9716,5.9585,5.8746,5.5455,7.0299,8.2916,7.7557,7.2222,7.4353,7.4353,9.3707,7.0455,9.0754,7.4353,8.8732,7.4353,8.4345,7.4353,7.4353,7.4353,6.2234,7.4353,12.6,1.3408e+154,1.3408e+154,12.6,12.6,12.6,1.3408e+154,6.8307,6.8307,7.4353,7.4353,7.4353,7.4353,8.907,7.4353,7.4353,7.4353,7.4353,7.4353,7.4353,7.4353,7.4353,7.4353,7.4353,7.4353,6.4961,7.4353,8.5179,7.4353,8.2916,7.4353,7.4353,7.4353,8.1734,8.4911,24.706,7.8566,8.2916,8.722,7.4353,7.4353,7.4353,7.4353,7.4353,7.4353,2.9287,7.4353,6.3079,8.6371,7.4353,7.4353,7.4353,7.4353,7.4353,7.4353,10.485,7.7132,8.242,7.5224
10.066,12.237,7.5578,7.9206,7.5578,1.3408e+154,9.5518,7.4024,1.3408e+154,6.8521,6.5835,6.8521,6.5578,1.3408e+154,1.3408e+154,1.3408e+154,6.6316,0,7.6936,4.9485,10.654,8.5881,7.5578,10.559,7.5578,7.5578,7.5578,7.5578,7.5578,6.3567,6.6433,1.3408e+154,1.3408e+154,11.343,10.352,7.5578,11.779,13.503,11.599,11.143,7.8847,7.5578,12.005,13.419,7.5578,7.5578,6.9231,6.1357,5.6714,9.4038,6.3567,9.7873,7.7169,8.147,8.759,7.5578,7.5578,7.5578,7.5578,6.2662,7.5578,9.4038,7.5578,8.4615,7.4704,9.3396,9.7512,9.0183,7.395,7.5578,7.5578,11.017,7.5578,12.642,7.5578,6.9339,7.5578,5.9051,8.5881,7.5578,7.5578,7.5578,7.5578,10.621,1.3408e+154,1.3408e+154,10.621,10.621,10.621,1.3408e+154,7.5578,7.5578,7.5578,7.5578,7.5578,7.5578,10.614,8.1047,7.5578,7.5578,7.5578,7.5578,7.5578,7.5578,7.5578,7.5578,7.5578,7.5578,9.0183,7.5578,10.066,7.5578,9.7512,7.5578,7.5578,7.5578,7.5578,7.7488,27.051,7.5578,10.066,9.5127,7.5578,7.5578,8.5881,7.5578,7.5578,7.5578,7.4037,7.5578,7.5578,6.5864,7.5578,7.5578,7.5578,7.5578,7.5578,7.5578,11.525,6.481,6.6302,6.1741
8.5954,10.13,7.3619,4.3273,8.108,1.3408e+154,12.293,8.108,1.3408e+154,6.6156,7.6936,7.3843,8.6009,1.3408e+154,1.3408e+154,1.3408e+154,8.6309,7.6936,0,8.4206,8.5954,8.108,8.108,8.8033,8.108,8.108,8.108,8.108,10.035,10.294,9.3403,1.3408e+154,1.3408e+154,9.0385,8.8033,8.0929,9.7201,10.359,9.5973,9.7747,8.108,8.108,11.969,10.362,8.108,8.108,6.375,7.366,10.966,9.4645,10.169,10.13,8.108,9.284,10.273,8.108,8.108,8.108,8.108,7.4699,8.108,8.108,8.0606,7.58,7.9875,8.108,8.365,8.108,7.793,8.108,8.108,9.5961,8.108,9.5473,8.108,9.527,8.108,10.058,8.108,8.108,8.108,8.108,8.108,15.95,1.3408e+154,1.3408e+154,15.95,13.655,15.95,1.3408e+154,8.0929,8.108,8.108,8.108,7.7628,8.108,8.9918,8.108,8.108,8.108,8.108,8.108,8.108,8.108,8.108,8.108,8.108,8.108,8.0929,8.108,8.5954,8.108,8.365,8.108,8.108,8.108,10.035,10.518,29.029,9.5617,8.5954,8.8033,8.108,8.108,8.108,8.108,8.108,8.108,8.9449,8.108,8.108,10.035,8.108,8.108,3.0928,8.108,8.108,8.108,13.833,11.358,10.966,11.041
9.1552,10.917,6.4893,6.6667,3.1175,1.3408e+154,10.07,5.8559,1.3408e+154,6.7875,7.3816,6.8335,5.7754,1.3408e+154,1.3408e+154,1.3408e+154,3.913,4.9485,8.4206,0,9.4579,7.9163,5.1081,9.5614,3.1175,3.1175,3.1175,3.1175,3.1873,3.2129,3.1561,1.3408e+154,1.3408e+154,10.2,9.3914,3.1086,10.551,11.914,10.406,8.2069,6.7288,3.1175,7.0974,9.653,6.4893,6.4893,2.8718,4.6452,8.723,9.0362,5.3352,9.6412,3.1443,6.919,8.968,6.4893,6.4893,3.1175,5.8559,5.6117,3.1175,8.2819,4.9071,4.4147,4.7884,7.7395,8.8942,8.2804,7.3304,3.1175,3.1175,10.574,4.9797,9.9497,3.1175,3.3268,3.1175,7.775,7.9163,7.0326,4.2117,5.9849,5.1081,3.6667,1.3408e+154,1.3408e+154,3.6667,3.6667,3.6667,1.3408e+154,6.7914,3.0606,3.1086,3.1175,5.1081,3.1175,9.6062,7.5038,6.4893,5.1081,7.0326,7.0326,5.1081,7.0326,6.4893,3.1175,3.1175,3.1175,7.8806,5.1081,9.1552,5.8559,8.8942,3.1175,3.1175,3.1175,3.1873,3.2344,25.964,3.1379,9.1552,9.3914,5.8559,6.4893,7.9163,3.1175,7.0326,5.8559,3.1519,3.1175,3.1086,3.0125,5.1081,4.7074,4.2117,5.1081,5.8559,5.8559,11.653,6.7358,4.9213,7.1896
1.3843,0,7.1623,3.6331,0,1.3408e+154,5.1022,0,1.3408e+154,4.2784,4.2256,4.1391,8.46,1.3408e+154,1.3408e+154,1.3408e+154,8.7395,10.654,8.5954,9.4579,0,0,1.3644,0,2.117,0,0,0,0,0,5.4021,1.3408e+154,1.3408e+154,3.1343,3.5223,3.2711,0,1.3204,1.3723,0,1.3291,0,0,0,0,0,11.15,7.6098,3.1061,1.7139,3.0239,0,0,1.6558,0,0,0,0,1.3843,4.2374,1.3843,4.1118,4.0425,4.1669,4.0862,3.6207,0,0,3.5294,4.0425,4.6721,4.2729,4.4331,8.1484,3.4037,5.1583,2.8788,10.228,1.5251,0,0,0,0,17.952,1.3408e+154,1.3408e+154,17.952,17.952,17.952,1.3408e+154,1.3023,2.5705,2.5705,0,3.102,0,0,0,0,2.117,0,1.3397,0,0,1.3843,0,0,0,4.08,1.3832,2.5705,2.117,1.7892,0,1.4691,0,0,0,0,0,2.6292,3.1287,2.117,2.0145,0,0,0,0,0,1.5556,4.2681,0,0,0,0,1.5642,4.5739,1.5251,1.7868,1.7531,0,0
1.4573,0,6.1653,3.3775,0,1.3408e+154,5.1507,0,1.3408e+154,4.6588,4.7167,4.4941,7.1031,1.3408e+154,1.3408e+154,1.3408e+154,7.4956,8.5881,8.108,7.9163,0,0,1.2414,0,2.2061,0,0,0,0,0,4.8148,1.3408e+154,1.3408e+154,3.8095,4.1772,3.489,0,1.4579,1.1095,0,1.1707,0,0,0,0,0,11.801,7.3404,2.763,1.678,2.7814,0,0,1.5515,0,0,0,0,1.4219,2.5885,1.4219,4.6726,4.3373,4.7891,4.099,4.2264,0,0,4.0288,4.3805,4.2263,5.0543,4.0825,7.7997,3.6402,4.6202,3.0252,8.3781,1.4743,0,0,0,0,12.774,1.3408e+154,1.3408e+154,12.774,12.774,12.774,1.3408e+154,1.2941,2.6533,2.7031,0,3.2973,0,0,0,0,2.2061,0,1.1139,0,0,1.4219,0,0,0,4.3672,1.408,2.5347,2.2061,2.0787,0,1.4219,0,0,0,0,0,2.6136,3.0759,2.2061,1.913,0,0,0,0,0,1.4694,3.4123,0,0,0,0,1.4483,4.0825,1.4743,1.7623,1.6864,0,0
0.93634,0.95497,5.1662,1.5888,0.86857,1.3408e+154,5.1507,1.3768,1.3408e+154,3.8476,1.6932,1.6446,5.2962,1.3408e+154,1.3408e+154,1.3408e+154,7.4353,7.5578,8.108,5.1081,1.3644,1.2414,0,0.92105,1.1095,0.86857,0.86857,0.86857,1.4757,1.4812,3.5622,1.3408e+154,1.3408e+154,1.6725,1.6339,1.3612,1.194,1.3858,0.86486,1.4059,1.28,1.0909,1.7445,1.7465,1.2881,1.2881,11.801,7.6658,2.6511,1.6679,2.4918,1.6875,0.85106,1.5561,1.6656,0.90119,0.90119,0.86857,0.88785,3.5973,1.2225,1.6403,1.4754,1.7024,1.4353,3.8796,0.93634,1.4259,3.0769,1.4786,3.2295,1.7348,3.1448,7.5874,1.3836,3.4847,1.2857,7.3947,1.4666,1.0566,0.86154,0.90119,1.1095,6.6087,1.3408e+154,1.3408e+154,6.6087,6.6087,6.6087,1.3408e+154,0.91096,1.2225,1.2225,0.86857,1.331,0.86857,0.94371,0.91843,0.90119,1.1095,0.91096,0.91096,0.86857,0.91096,0.90119,0.86857,0.86857,0.86857,1.6435,0.86857,2.5119,1.1095,1.2225,0.86857,1.2881,0.86857,1.4757,1.4825,1.9091,1.4545,2.568,3.0423,1.1411,1.9,0.92013,0.84211,0.91096,0.88785,1.4182,1.3187,2.7586,1.443,1.4085,1.3659,1.3774,1.3659,3.7707,1.3768,1.7623,1.6017,1.4944,1.6244
0.94648,0,7.1193,1.7014,0,1.3408e+154,5.4228,0,1.3408e+154,4.263,1.7518,1.7368,8.4,1.3408e+154,1.3408e+154,1.3408e+154,8.9545,10.559,8.8033,9.5614,0,0,0.92105,0,1.2399,0,0,0,0,0,5.3775,1.3408e+154,1.3408e+154,1.1538,1.4371,1.5628,0,1.3858,0.8972,0,1.2727,0,0,0,0,0,11.801,9.6466,2.975,1.7114,2.999,0,0,1.6082,0,0,0,0,0.94648,4.6993,1.3791,1.7087,1.6993,1.7477,1.7087,3.5593,0,0,2.9787,1.7195,4.6537,1.7514,4.48,7.9167,1.5924,5.136,1.4672,10.049,1.5231,0,0,0,0,17.684,1.3408e+154,1.3408e+154,17.684,17.684,17.684,1.3408e+154,0.94118,1.3827,1.3827,0,1.5231,0,0,0,0,1.2399,0,0.93385,0,0,0.94648,0,0,0,1.6831,0.93385,2.5649,1.2399,1.2,0,1.4672,0,0,0,0,0,2.4706,3.0939,1.2399,2.087,0,0,0,0,0,1.4947,3.4008,0,0,0,0,1.5556,5.1168,1.5231,1.7618,1.7505,0,0
0,0,1.4987,1.5888,0,1.3408e+154,5.1507,0,1.3408e+154,1.3632,1.5054,0,3.8095,1.3408e+154,1.3408e+154,1.3408e+154,7.4353,7.5578,8.108,3.1175,2.117,2.2061,1.1095,1.2399,0,0,0,0,0,0,0,1.3408e+154,1.3408e+154,1.7143,1.4583,0.82759,1.829,1.866,1.253,2.1677,1.9333,1.057,3.0968,3.1718,1,1,11.801,7.6976,2.711,0,2.1053,1.2251,0,2.5977,2.7794,0,0.75,0.66667,0.98361,3.5973,0.92308,1.3643,1.3861,1.4576,1.4353,3.9727,1.1707,1.6901,3.5468,0.78431,1.1009,1.5786,2.6667,0,0,3.0429,0.77419,7.3947,2.0455,1.6643,1.012,1.1379,1.4359,0,1.3408e+154,1.3408e+154,0,0,0,1.3408e+154,1.1586,1.0213,0,0,1.3098,0,1.2304,1.1789,1.1507,1.0909,1.1699,1.1699,1.0667,1.1475,1.1163,0,0,0,1.6058,0.96,1.8571,0,1.0435,0.75676,0.72727,0,1.0605,1.1471,3.6522,0,1.1629,2.6752,0.90909,0,1.2,0.97143,1.1728,1.1255,0,1.6216,0,0,2.1741,1.9921,2.0112,2.1266,2.4658,0,3.1504,2.6609,2.3185,2.7168
0.8595,0,3.4217,0,0,1.3408e+154,5.1507,0,1.3408e+154,2.7887,0,1.415,3.4783,1.3408e+154,1.3408e+154,1.3408e+154,7.4353,7.5578,8.108,3.1175,0,0,0.86857,0,0,0,0,0,0,0,0,1.3408e+154,1.3408e+154,1.7143,1.4583,0.82759,0,1.4234,0.95415,0,1.3034,0,0,0,0,0,11.801,7.6976,2.711,1.4322,2.1053,0,0,1.5749,0,0,0,0,0,3.5973,0.77419,1.4466,0,0,0,3.9727,0,0,3.5468,0,1.2766,0,2.6667,4.3387,0.83582,3.0429,0,7.3947,1.3534,0,0,0,0,0,1.3408e+154,1.3408e+154,0,0,0,1.3408e+154,0,1.0213,0,0,1.3098,0,0,0,0,1.0909,0,0,0,0,0,0,0,0,0,0,2.0129,1.0256,0,0,0.8,0,0,0,0,0,2.0623,2.5926,1.0256,1.6,0,0,0,0,0,1.1538,0,0,0,0,0,1.3884,2.7481,1.2121,1.7538,1.5891,0,0
0,0,1.4987,1.5888,0,1.3408e+154,5.1507,0,1.3408e+154,1.3632,1.5054,0,3.8095,1.3408e+154,1.3408e+154,1.3408e+154,7.4353,7.5578,8.108,3.1175,0,0,0.86857,0,0,0,0,0,0,0,0,1.3408e+154,1.3408e+154,1.7143,1.4583,0.82759,0,1.4234,0.95415,0,1.3034,0,0,0,0,0,11.801,7.6976,2.711,0,2.1053,0,0,1.5749,0,0,0,0,0.78947,3.5973,0.75,1.3643,1.3861,1.4576,1.4353,3.9727,0,0,3.5468,0.78431,1.1009,1.5786,2.6667,0,0,3.0429,0.77419,7.3947,1.3534,0,0,0,0,0,1.3408e+154,1.3408e+154,0,0,0,1.3408e+154,0.8984,1.0213,0,0,1.3098,0,0,0,0,1.0909,0,0.90517,0,0,0.87273,0,0,0,1.6058,0.77419,1.8571,0,1.0435,0,0.61538,0,0,0,0,0,1.1629,2.6752,0.90909,0,0,0,0,0,0,1.1538,0,0,0,0,0,1.3884,2.4658,0,1.7623,1.5979,0,0
0,0,1.4987,1.5888,0,1.3408e+154,5.1507,0,1.3408e+154,1.3632,1.5054,0,3.8095,1.3408e+154,1.3408e+154,1.3408e+154,7.4353,7.5578,8.108,3.1175,0,0,0.86857,0,0,0,0,0,0,0,0,1.3408e+154,1.3408e+154,1.7143,0,0.82759,0,1.4234,0.95415,0,1.3034,0,0,0,0,0,11.801,7.6976,2.711,0,2.1053,0,0,1.5749,0,0,0,0,0.78947,3.5973,0.75,1.3643,1.3861,1.4576,1.4353,3.9727,0,0,3.5468,0.78431,1.1009,1.5786,2.6667,0,0,3.0429,0.77419,7.3947,1.3534,0,0,0,0,0,1.3408e+154,1.3408e+154,0,0,0,1.3408e+154,0.8984,1.0213,0,0,1.3098,0,0,0,0,1.0909,0,0.90517,0,0,0.87273,0,0,0,1.6058,0.77419,1.8571,0,1.0435,0,0.61538,0,0,0,0,0,1.1629,2.6752,0.90909,0,0,0,0,0,0,1.1538,0,0,0,0,0,1.3884,2.4658,0,1.7623,1.5979,0,0
1.6719,0,5.5113,6.4215,0,1.3408e+154,5.1507,0,1.3408e+154,7.9009,8.0688,7.0731,5.5407,1.3408e+154,1.3408e+154,1.3408e+154,8.1734,7.5578,10.035,3.1873,0,0,1.4757,0,0,0,0,0,0,0,0,1.3408e+154,1.3408e+154,9.12,6.8793,1.5553,0,1.7787,1.741,0,1.5952,0,0,0,0,0,12.249,8.4915,2.7736,1.6526,2.449,0,0,1.6056,0,0,0,0,1.516,5.5771,0.94371,7.9405,4.7699,8.283,4.8452,8.9794,0,0,7.0625,2.9882,1.6864,9.1096,3.7316,9.7436,1.5846,3.0319,1.4606,7.3947,1.601,0,0,0,0,0,1.3408e+154,1.3408e+154,0,0,0,1.3408e+154,1.5846,2.0994,1.3768,0,3.5131,0,0,0,0,2.3007,0,1.5846,0,0,1.5553,0,0,0,7.5542,1.4606,2.7971,2.4411,2.8464,0,0.94371,0,0,0,0,0,2.8726,3.8164,2.4411,2.5446,0,0,0,0,0,1.2351,0,0,0,0,0,1.4812,4.6467,1.516,1.7623,1.5979,0,0
1.6723,0,5.5152,6.5265,0,1.3408e+154,5.1507,0,1.3408e+154,7.9087,8.0769,7.0794,5.5446,1.3408e+154,1.3408e+154,1.3408e+154,6.8478,6.3567,10.294,3.2129,0,0,1.4812,0,0,0,0,0,0,0,0,1.3408e+154,1.3408e+154,9.3333,6.8852,1.5556,0,1.7866,1.7487,0,1.6016,0,0,0,0,0,12.637,8.6761,2.7554,1.653,2.4348,0,0,1.6121,0,0,0,0,1.5162,5.6562,0.94382,7.8739,4.7727,8.2916,4.8482,9.1861,0,0,7.1897,2.9893,1.6867,9.12,3.7333,9.7555,1.5849,2.9735,1.4609,7.0532,1.6258,0,0,0,0,0,1.3408e+154,1.3408e+154,0,0,0,1.3408e+154,1.5849,2.1,1.377,0,3.5146,0,0,0,0,2.3014,0,1.5909,0,0,1.5556,0,0,0,7.5614,1.4609,2.8737,2.4419,2.8475,0,0.94382,0,0,0,0,0,2.8413,3.8182,2.4419,2.5455,0,0,0,0,0,1.2389,0,0,0,0,0,1.4867,4.6494,1.5162,1.7582,1.5721,0,0
4.97,5.4473,5.4189,5.998,0,1.3408e+154,5.1507,3.806,1.3408e+154,7.7122,7.8721,6.758,5.4473,1.3408e+154,1.3408e+154,1.3408e+154,5.5752,6.6433,9.3403,3.1561,5.4021,4.8148,3.5622,5.3775,0,0,0,0,0,0,0,1.3408e+154,1.3408e+154,8.8696,6.7358,1.5478,5.677,6.0493,5.6349,5.7453,4.3481,1.5136,6.0022,6.0503,4.0637,4.0637,11.763,8.2739,4.2456,4.8411,3.871,5.0095,0,4.4267,4.5426,4.0637,4.0637,2.4228,3.806,5.4824,1.5089,7.6411,4.7005,8.0759,4.7736,8.7365,4.8921,4.7005,6.7812,2.9608,1.6776,8.8597,3.689,9.4583,1.5769,2.9893,1.5089,7.2045,4.5808,4.3431,3.0357,4.0637,3.4753,0,1.3408e+154,1.3408e+154,0,0,0,1.3408e+154,4.2703,2.4228,1.5089,0,2.9608,0,5.2041,4.4396,4.0637,3.4753,4.2703,4.2703,3.4753,4.2703,4.0637,0,0,1.5089,7.3816,3.4753,4.97,3.806,4.8921,1.5089,1.5089,0,1.4947,1.5265,7.8261,0,4.8191,5.0388,3.806,4.0637,4.7005,2.446,4.2748,3.806,0,2.4228,0,0,3.5006,3.4753,3.1145,3.5943,4.5808,3.806,5.9542,4.3114,3.6207,4.3741
1.3408e+154,1.3408e+154,1.3408e+154,1.3408e+154,1.3408e+154,1.3408e+154,1.3408e+154,1.3408e+154,1.3408e+154,1.3408e+154,1.3408e+154,1.3408e+154,1.3408e+154,1.3408e+154,1.3408e+154,1.3408e+154,1.3408e+154,1.3408e+154,1.3408e+154,1.3408e+154,1.3408e+154,1.3408e+154,1.3408e+154,1.3408e+154,1.3408e+154,1.3408e+154,1.3408e+154,1.3408e+154,1.3408e+154,1.3408e+154,1.3408e+154,0,1.3408e+154,1.3408e+154,1.3408e+154,1.3408e+154,1.3408e+154,1.3408e+154,1.3408e+154,1.3408e+154,1.3408e+154,1.3408e+154,1.3408e+154,1.3408e+154,1.3408e+154,1.3408e+154,1.3408e+154,1.3408e+154,1.3408e+154,1.3408e+154,1.3408e+154,1.3408e+154,1.3408e+154,1.3408e+154,1.3408e+154,1.3408e+154,1.3408e+154,1.3408e+154,1.3408e+154,1.3408e+154,1.3408e+154,1.3408e+154,1.3408e+154,1.3408e+154,1.3408e+154,1.3408e+154,1.3408e+154,1.3408e+154,1.3408e+154,1.3408e+154,1.3408e+154,1.3408e+154,1.3408e+154,1.3408e+154,1.3408e+154,1.3408e+154,1.3408e+154,1.3408e+154,1.3408e+154,1.3408e+154,1.3408e+154,1.3408e+154,1.3408e+154,1.3408e+154,1.3408e+154,1.3408e+154,1.3408e+154,1.3408e+154,1.3408e+154,1.3408e+154,1.3408e+154,1.3408e+154,1.3408e+154,1.3408e+154,1.3408e+154,1.3408e+154,1.3408e+154,1.3408e+154,1.3408e+154,1.3408e+154,1.3408e+154,1.3408e+154,1.3408e+154,1.3408e+154,1.3408e+154,1.3408e+154,1.3408e+154,1.3408e+154,1.3408e+154,1.3408e+154,1.3408e+154,1.3408e+154,1.3408e+154,1.3408e+154,1.3408e+154,1.3408e+154,1.3408e+154,1.3408e+154,1.3408e+154,1.3408e+154,1.3408e+154,1.3408e+154,1.3408e+154,1.3408e+154,1.3408e+154,1.3408e+154,1.3408e+154,1.3408e+154,1.3408e+154,1.3408e+154,1.3408e+154,1.3408e+154,1.3408e+154,1.3408e+154,1.3408e+154,1.3408e+154,1.3408e+154,1.3408e+154,1.3408e+154,1.3408e+154,1.3408e+154,1.3408e+154
1.3408e+154,1.3408e+154,1.3408e+154,1.3408e+154,1.3408e+154,21.709,1.3408e+154,1.3408e+154,13.405,1.3408e+154,1.3408e+154,1.3408e+154,1.3408e+154,1.7949,6.5129,10.272,1.3408e+154,1.3408e+154,1.3408e+154,1.3408e+154,1.3408e+154,1.3408e+154,1.3408e+154,1.3408e+154,1.3408e+154,1.3408e+154,1.3408e+154,1.3408e+154,1.3408e+154,1.3408e+154,1.3408e+154,1.3408e+154,0,1.3408e+154,1.3408e+154,1.3408e+154,1.3408e+154,1.3408e+154,1.3408e+154,1.3408e+154,1.3408e+154,1.3408e+154,1.3408e+154,1.3408e+154,1.3408e+154,1.3408e+154,1.3408e+154,1.3408e+154,1.3408e+154,1.3408e+154,1.3408e+154,1.3408e+154,1.3408e+154,1.3408e+154,1.3408e+154,1.3408e+154,1.3408e+154,1.3408e+154,1.3408e+154,1.3408e+154,1.3408e+154,1.3408e+154,1.3408e+154,1.3408e+154,1.3408e+154,1.3408e+154,1.3408e+154,1.3408e+154,1.3408e+154,1.3408e+154,1.3408e+154,1.3408e+154,1.3408e+154,1.3408e+154,1.3408e+154,1.3408e+154,1.3408e+154,1.3408e+154,1.3408e+154,1.3408e+154,1.3408e+154,1.3408e+154,1.3408e+154,3.8182,10.464,13.203,13.44,12.32,27.097,12.15,1.3408e+154,1.3408e+154,1.3408e+154,1.3408e+154,1.3408e+154,1.3408e+154,1.3408e+154,1.3408e+154,1.3408e+154,1.3408e+154,1.3408e+154,1.3408e+154,1.3408e+154,1.3408e+154,1.3408e+154,1.3408e+154,1.3408e+154,1.3408e+154,1.3408e+154,1.3408e+154,1.3408e+154,1.3408e+154,1.3408e+154,1.3408e+154,1.3408e+154,1.3408e+154,1.3408e+154,1.3408e+154,5.25,1.3408e+154,1.3408e+154,1.3408e+154,1.3408e+154,1.3408e+154,1.3408e+154,1.3408e+154,1.3408e+154,1.3408e+154,1.3408e+154,1.3408e+154,1.3408e+154,1.3408e+154,1.3408e+154,1.3408e+154,1.3408e+154,1.3408e+154,1.3408e+154,1.3408e+154,1.3408e+154,1.3408e+154,1.3408e+154,1.3408e+154
1.7143,1.7518,7.2928,1.6961,1.7143,1.3408e+154,10.968,5.4545,1.3408e+154,4.3854,1.7722,1.7568,8.8889,1.3408e+154,1.3408e+154,1.3408e+154,9.5122,11.343,9.0385,10.2,3.1343,3.8095,1.6725,1.1538,1.7143,1.7143,1.7143,1.7143,9.12,9.3333,8.8696,1.3408e+154,1.3408e+154,0,1.573,1.7143,2.5263,3.5495,1.6495,3.871,2.069,3.871,7.9732,9.2692,4,4,11.801,9.2035,9.4009,9,9.1304,9.6,1.5385,6.8679,9.8182,1.7143,1.7143,1.7143,1.7143,4.3979,3.981,1.7284,1.7266,1.768,1.7364,3.7558,1.6634,4.2105,4.0945,1.7391,4.8,1.7643,6,8.1867,1.7073,10.364,1.7143,10.568,5.4545,2.9066,1.7143,1.7143,2.9561,20,1.3408e+154,1.3408e+154,20,20,20,1.3408e+154,1.6901,1.7073,1.7143,1.7143,1.6901,1.7143,1.6722,1.7143,1.7143,1.7143,1.6258,1.6667,1.7143,1.7073,1.7143,1.7143,1.7143,1.7143,1.721,1.6901,6,1.7073,1.6327,1.7143,4.8,1.7143,9.022,9.2905,17.5,8.7273,5.8333,5.4545,1.7143,3.871,1.6898,1.6601,1.6596,1.7073,4.3454,5.5172,6.3158,4.557,6.5948,6.218,6.4163,5.8232,4.5652,5.4545,10.154,10.2,9.8824,9.9429
1.4286,1.4907,4.5531,1.7188,1.4583,1.3408e+154,8.9974,3.5,1.3408e+154,3.1873,1.5385,1.5268,5.045,1.3408e+154,1.3408e+154,1.3408e+154,8.4303,10.352,8.8033,9.3914,3.5223,4.1772,1.6339,1.4371,1.4583,1.4583,1.4583,0,6.8793,6.8852,6.7358,1.3408e+154,1.3408e+154,1.573,0,1.4583,2.6504,3.9594,1.6302,3.3904,3.7089,3.5487,6.2222,7.5787,2.8378,2.8378,11.801,9.6466,7.0379,4.684,4.7458,4.8415,1.6509,6.979,7.1456,1.4583,1.4583,1.4583,1.4583,4.6794,2.8378,1.4634,1.5819,1.5353,1.6462,3.6011,1.3559,3.1579,3.7113,1.5135,3.4008,1.2498,3.4008,4.8666,1.4583,8.1512,1.3907,10.049,3.7168,2.5516,0,0,2.4207,7.3684,1.3408e+154,1.3408e+154,7.3684,15.355,7.3684,1.3408e+154,1.573,1.407,1.4583,1.4583,1.587,1.4583,1.6003,1.6092,1.6092,1.5939,1.6,1.6154,1.5427,1.573,1.5094,1.4583,1.4583,1.4583,1.6435,1.4583,3.7168,1.4458,1.4458,1.5217,3.2184,1.5594,4.7163,4.8204,13.548,4.6091,2.8866,3.8889,1.4583,2.8378,1.63,1.6257,1.5842,1.6021,6.9732,4.9412,6.2222,7.7357,5.8589,4.7015,6.0143,5.5263,3.7168,3.5,8.5161,7.8004,7.0406,7.5547
1.3391,1.3714,3.4217,1.5888,0.82759,1.3408e+154,6.5582,2.449,1.3408e+154,2.7748,1.5054,1.415,3.4783,1.3408e+154,1.3408e+154,1.3408e+154,7.4353,7.5578,8.0929,3.1086,3.2711,3.489,1.3612,1.5628,0.82759,0.82759,0.82759,0.82759,1.5553,1.5556,1.5478,1.3408e+154,1.3408e+154,1.7143,1.4583,0,2.6311,3.4978,1.5838,3.3939,2.8525,1.283,6.4003,6.7288,2.1818,2.1818,11.681,7.5875,4.9455,3.5516,3.2432,3.6414,0.90634,4.5811,5.1781,1.2632,1.2632,1.0435,1.2371,3.5556,1.1429,1.4466,1.3861,1.4576,1.4353,3.9727,1.4545,2.6087,3.5468,1.1111,1.2766,1.5786,2.6667,4.3387,0.83582,3.4847,0.82759,7.2206,3.1034,2.3032,1.2174,1.4043,1.8876,1.6,1.3408e+154,1.3408e+154,1.6,1.8889,1.6,1.3408e+154,1.4359,1.1163,0.82759,0,1.3391,0.82759,1.5478,1.4672,1.4237,1.3333,1.4533,1.4533,1.2973,1.3953,1.3714,0.82759,0.82759,0.82759,1.6058,1.2,3.0291,1.2371,1.3333,0.86598,1.2,0.87805,1.3612,1.4183,9.3333,1.3521,3.1424,3.1698,1.2371,2.1818,1.5,1.1591,1.4577,1.3854,1.56,2.2222,1.519,1.5952,3.4095,2.9822,3.0252,3.2941,2.7481,2.3077,6.6332,4.7813,3.7785,4.9649
1.2453,0,7.6537,3.1145,0,1.3408e+154,5.7573,0,1.3408e+154,4.449,3.2152,3.1649,9.1542,1.3408e+154,1.3408e+154,1.3408e+154,9.8167,11.779,9.7201,10.551,0,0,1.194,0,1.829,0,0,0,0,0,5.677,1.3408e+154,1.3408e+154,2.5263,2.6504,2.6311,0,1.3791,1.0667,0,1.326,0,0,0,0,0,12.449,10.759,3.0178,1.7406,3.0986,0,0,1.7034,0,0,0,0,1.2551,4.9264,1.3998,3.0162,3.0508,3.2014,3.0489,3.8124,0,0,3.9889,3.1081,4.8763,3.1069,4.6859,7.8603,2.7162,5.4084,2.3656,11.261,1.5462,0,0,0,0,21.395,1.3408e+154,1.3408e+154,21.395,21.395,21.395,1.3408e+154,1.2551,2.1579,2.1579,0,2.503,0,0,0,0,1.829,0,1.2551,0,0,1.2453,0,0,0,2.999,1.2551,2.6311,1.8198,1.8198,0,1.4887,0,0,0,0,0,2.5434,3.1908,1.829,1.829,0,0,0,0,0,1.519,3.5294,0,0,0,0,1.5819,5.3871,1.5462,1.7886,1.7811,0,0
1.4118,1.3721,8.3463,4.3108,1.4234,1.3408e+154,5.7715,1.5726,1.3408e+154,4.6745,4.6115,4.5087,10.163,1.3408e+154,1.3408e+154,1.3408e+154,10.986,13.503,10.359,11.914,1.3204,1.4579,1.3858,1.3858,1.866,1.4234,1.4234,1.4234,1.7787,1.7866,6.0493,1.3408e+154,1.3408e+154,3.5495,3.9594,3.4978,1.3791,0,1.337,1.3998,1.3589,1.3858,1.7243,1.7286,1.4234,1.4234,12.998,9.8268,3.2812,1.7741,3.2165,1.7962,1.3744,1.7197,1.8037,1.4234,1.4234,1.4234,1.4234,5.2043,1.4234,4.4763,4.3944,4.3439,4.3769,4.2548,1.4234,1.5131,4.1898,4.3944,3.1325,3.9791,4.9367,8.1867,3.6497,5.7453,3.0528,12.827,1.5584,1.3858,1.415,1.4234,1.2724,27.857,1.3408e+154,1.3408e+154,27.857,27.857,27.857,1.3408e+154,1.4234,2.7083,2.7083,1.4234,3.3051,1.4234,1.4234,1.4234,1.4234,2.2096,1.4234,1.4234,1.4234,1.4234,1.4234,1.4234,1.4234,1.4234,4.3057,1.4234,2.623,2.2096,2.1927,1.4234,1.2724,1.4234,1.7787,1.7933,1.9091,1.7595,2.7986,3.3051,1.8605,1.866,1.4234,1.4112,1.4234,1.4234,1.6684,1.6041,4.5614,1.6208,1.6736,1.6433,1.6222,1.6353,4.6199,1.5726,1.8349,1.8162,1.8059,1.8079
0.92825,0.94968,7.5774,1.747,0.95415,1.3408e+154,5.714,1.5431,1.3408e+154,4.4231,1.7783,1.7628,9.0453,1.3408e+154,1.3408e+154,1.3408e+154,9.6915,11.599,9.5973,10.406,1.3723,1.1095,0.86486,0.8972,1.253,0.95415,0.95415,0.95415,1.741,1.7487,5.6349,1.3408e+154,1.3408e+154,1.6495,1.6302,1.5838,1.0667,1.337,0,1.3383,1.3612,1.3237,1.6525,1.6719,1.3991,1.3991,12.249,10.328,3.0606,1.7366,3.0954,1.7578,0.90119,1.699,1.765,0.95415,0.95415,0.95415,0.95415,4.8946,1.3991,1.6876,1.742,1.7695,1.713,3.9763,0.94037,1.4858,3.8009,1.745,4.8452,1.7366,4.6572,7.8603,1.6142,5.3702,1.4804,11.097,1.5431,1.1901,0.94868,0.95282,1.253,20.81,1.3408e+154,1.3408e+154,20.81,20.81,20.81,1.3408e+154,0.95415,1.3991,1.3991,0.95415,1.5431,0.95415,0.94567,0.95415,0.95415,1.253,0.95415,0.95415,0.95415,0.95415,0.95282,0.95415,0.95415,0.95415,1.7058,0.95415,2.5205,1.2508,1.253,0.95415,1.4858,0.95415,1.741,1.752,1.9091,1.7165,2.5434,3.1774,1.253,2.1518,0.95119,0.93634,0.95415,0.95415,1.5942,1.5495,3.9791,1.6257,1.6359,1.5987,1.5941,1.5786,5.3492,1.5431,1.7844,1.777,1.7671,1.769
